1.0 1.0 1.0 1.0 1.0 1.0 1.0 1.0 1.0
354.0 11.0 113930.0 870355.0 2380.0 367.0 154920.0 754742.0 12000.0
463.0 10.0 103364.0 753746.0 1362.0 555.0 144216.0 619063.0 13947.0
112.0 4.0 21910.0 133488.0 45111.0 4.0 14677.0 97743.0 7005.0
126.0 2.0 18339.0 140803.0 14037.0 11.0 30088.0 127596.0 2192.0
171.0 4.0 90262.0 476836.0 1675.0 286.0 79851.0 393277.0 7217.0
376.0 5.0 130402.0 642416.0 2631.0 245.0 101804.0 497151.0 7757.0
497.0 7.0 119584.0 616436.0 2503.0 247.0 76270.0 487092.0 17933.0
510.0 8.0 152636.0 1008040.0 4244.0 239.0 168064.0 894646.0 27290.0
120.0 4.0 58393.0 392233.0 346.0 1138.0 67414.0 319986.0 9599.0
12.0 6.0 191679.0 1236830.0 1980.0 626.0 209713.0 1033734.0 188835.0
114.0 4.0 45362.0 297447.0 260.0 1149.0 60062.0 246339.0 6967.0
320.0 6.0 86242.0 560441.0 1087.0 517.0 113622.0 441889.0 10655.0
227.0 2.0 44412.0 266216.0 313.0 854.0 38963.0 240290.0 2554.0
336.0 13.0 153641.0 1078693.0 3575.0 303.0 201661.0 890187.0 35993.0
227.0 8.0 73729.0 424484.0 411.0 1036.0 70606.0 349960.0 13807.0
403.0 3.0 79637.0 409937.0 8913.0 47.0 63101.0 340425.0 6720.0
128.0 4.0 55491.0 283714.0 1330.0 214.0 37828.0 208442.0 2163.0
156.0 2.0 45210.0 230697.0 1645.0 141.0 43512.0 180309.0 2711.0
326.0 7.0 99241.0 554986.0 2638.0 211.0 53824.0 410023.0 20354.0
254.0 6.0 56690.0 314668.0 1720.0 184.0 22977.0 226239.0 5031.0
781.0 21.0 314200.0 1529959.0 2343.0 654.0 181705.0 1214897.0 154909.0
346.0 7.0 65386.0 318899.0 905.0 354.0 39860.0 246058.0 10668.0
1111.0 6.0 102461.0 519081.0 6523.0 81.0 96173.0 384088.0 7865.0
3618.0 10.0 338888.0 1510076.0 5740.0 264.0 235752.0 1135035.0 20509.0
281.0 1.0 6675.0 31565.0 13842.0 3.0 3535.0 21842.0 1.0
315.0 6.0 94808.0 437904.0 5504.0 81.0 44938.0 322887.0 10450.0
2851.0 6.0 219146.0 999778.0 3951.0 254.0 184166.0 740071.0 15399.0
1672.0 5.0 105520.0 454769.0 1119.0 408.0 53577.0 351753.0 7405.0
791.0 6.0 110333.0 521174.0 1541.0 339.0 56231.0 383474.0 9831.0
954.0 5.0 80486.0 381957.0 1168.0 328.0 59790.0 277543.0 5774.0
2384.0 9.0 122426.0 580321.0 1937.0 301.0 48060.0 420725.0 25916.0
969.0 4.0 98209.0 529856.0 2826.0 189.0 38422.0 417874.0 13122.0
2706.0 12.0 184363.0 814011.0 5132.0 160.0 89545.0 637778.0 54509.0
242.0 1.0 19977.0 84122.0 6402.0 14.0 6236.0 51648.0 1.0
1516.0 28.0 443667.0 2298324.0 3552.0 648.0 249440.0 1635185.0 131367.0
613.0 10.0 167990.0 815169.0 1634.0 500.0 54783.0 568830.0 60280.0
923.0 22.0 461636.0 2193591.0 2625.0 837.0 146554.0 1475518.0 247954.0
1386.0 14.0 336995.0 1586626.0 3387.0 470.0 148912.0 1105863.0 72164.0
459.0 9.0 129501.0 612311.0 1283.0 479.0 50189.0 408633.0 26735.0
443.0 6.0 118101.0 600164.0 1181.0 510.0 41086.0 400598.0 39104.0
886.0 21.0 716827.0 3498740.0 3579.0 979.0 217002.0 2377511.0 436031.0
320.0 6.0 193257.0 995747.0 2243.0 445.0 88222.0 643893.0 45959.0
956.0 14.0 385995.0 2029075.0 5306.0 383.0 170613.0 1377171.0 109028.0
234.0 5.0 174361.0 901897.0 2594.0 349.0 64528.0 565238.0 50237.0
164.0 4.0 120894.0 617509.0 1459.0 425.0 54958.0 405468.0 44166.0
280.0 13.0 273903.0 1388526.0 3354.0 415.0 112862.0 876826.0 102611.0
239.0 6.0 149631.0 769752.0 2199.0 351.0 71033.0 507889.0 32399.0
896.0 13.0 372294.0 1895687.0 3326.0 571.0 143991.0 1313897.0 158037.0
704.0 16.0 488899.0 2490657.0 2684.0 929.0 207830.0 1636125.0 273906.0
480.0 5.0 203422.0 1119628.0 2415.0 465.0 107055.0 738409.0 26753.0
592.0 9.0 135636.0 684628.0 1357.0 506.0 62075.0 483198.0 37809.0
404.0 16.0 205412.0 994629.0 1095.0 910.0 71184.0 696800.0 120289.0
565.0 14.0 318871.0 1655170.0 3626.0 458.0 123327.0 1108201.0 101007.0
128.0 6.0 115799.0 595528.0 1483.0 403.0 43309.0 394955.0 39142.0
6.0 7.0 241174.0 1055451.0 115.0 9259.0 56664.0 858102.0 234034.0
695.0 4.0 67603.0 330087.0 8017.0 42.0 24084.0 314576.0 5689.0
1171.0 7.0 88965.0 391606.0 8031.0 50.0 44282.0 355395.0 14647.0
654.0 3.0 53543.0 242286.0 1985.0 123.0 22209.0 222705.0 2661.0
1775.0 8.0 132715.0 618932.0 3643.0 171.0 78440.0 601679.0 17024.0
732.0 23.0 347002.0 1696695.0 3089.0 550.0 140493.0 1437969.0 202890.0
3143.0 9.0 161779.0 687272.0 5330.0 130.0 87765.0 608063.0 25599.0
1573.0 4.0 114731.0 483440.0 7091.0 69.0 52592.0 406389.0 17760.0
875.0 2.0 58047.0 259899.0 2242.0 117.0 32323.0 222881.0 2055.0
2185.0 6.0 140578.0 622507.0 3145.0 199.0 0.0 0.0 15369.0
663.0 5.0 53954.0 259649.0 1767.0 148.0 29636.0 233901.0 8213.0
1098.0 12.0 191384.0 954606.0 4252.0 226.0 79720.0 800236.0 76430.0
675.0 20.0 308582.0 1648903.0 2543.0 650.0 126487.0 1374635.0 109937.0
519.0 25.0 338105.0 1890423.0 2361.0 802.0 93760.0 1480572.0 133628.0
207.0 9.0 117108.0 561294.0 899.0 626.0 38364.0 418091.0 70954.0
462.0 16.0 224335.0 1128351.0 1575.0 718.0 83622.0 830226.0 106633.0
612.0 13.0 235424.0 1214206.0 1769.0 688.0 79776.0 909605.0 98772.0
408.0 6.0 188144.0 964656.0 1531.0 631.0 69825.0 752535.0 57320.0
268.0 5.0 204275.0 1074305.0 2318.0 465.0 96281.0 844163.0 46256.0
418.0 9.0 292085.0 1505325.0 2521.0 598.0 135661.0 1152321.0 93491.0
177.0 13.0 235641.0 1205438.0 1269.0 952.0 76845.0 940643.0 113765.0
320.0 9.0 277727.0 1450002.0 2123.0 684.0 123661.0 1188905.0 90175.0
303.0 7.0 249737.0 1334153.0 2703.0 495.0 102371.0 1093933.0 58862.0
246.0 5.0 180638.0 942012.0 2539.0 372.0 73082.0 718610.0 35501.0
328.0 6.0 246572.0 1295190.0 4278.0 304.0 94856.0 967171.0 63077.0
269.0 12.0 335609.0 1743932.0 3984.0 439.0 137690.0 1409916.0 109958.0
443.0 7.0 311381.0 1634446.0 4779.0 343.0 145741.0 1385314.0 63245.0
137.0 6.0 206989.0 1061205.0 1746.0 609.0 79299.0 878709.0 89539.0
248.0 6.0 185335.0 958406.0 1835.0 524.0 83633.0 785858.0 48832.0
370.0 6.0 171713.0 922089.0 1900.0 487.0 107153.0 786499.0 24591.0
390.0 10.0 178044.0 900333.0 1595.0 566.0 70714.0 726535.0 47745.0
230.0 10.0 326429.0 1514433.0 1259.0 1205.0 67653.0 1132292.0 237751.0
413.0 9.0 160281.0 1089264.0 1508.0 724.0 64645.0 721319.0 20306.0
145.0 4.0 358920.0 1809734.0 742.0 2443.0 105941.0 1513024.0 295554.0
269.0 7.0 171158.0 1042709.0 1360.0 768.0 76463.0 880705.0 41462.0
49.0 35.0 736254.0 3656540.0 444.0 8255.0 161918.0 2926832.0 695754.0
3.0 5.0 180045.0 887979.0 62.0 14558.0 43493.0 732655.0 176733.0
9.0 16.0 406126.0 2241625.0 63.0 36156.0 97688.0 1846580.0 402188.0
2.0 8.0 358938.0 1709347.0 64.0 27133.0 72743.0 1345379.0 358063.0
1.0 1.0 33209.0 142005.0 36.0 4058.0 9617.0 120707.0 33209.0
1.0 1.0 119640.0 582321.0 22.0 27731.0 27481.0 418428.0 119640.0
3.0 12.0 533222.0 2543244.0 131.0 19564.0 102880.0 1895226.0 532052.0
40.0 20.0 494440.0 2292959.0 422.0 5447.0 115566.0 1817381.0 467118.0
4.0 24.0 574134.0 2731930.0 248.0 11061.0 120294.0 2216043.0 571677.0
2856.0 17.0 387512.0 1969169.0 10979.0 180.0 149867.0 1403098.0 108586.0
1832.0 7.0 336193.0 1774693.0 9657.0 185.0 115022.0 1291066.0 67831.0
858.0 7.0 384945.0 2363938.0 30240.0 79.0 144895.0 1649412.0 139974.0
874.0 11.0 348985.0 2039548.0 13836.0 148.0 142823.0 1541542.0 93117.0
927.0 19.0 384198.0 2137046.0 5929.0 362.0 172593.0 1861896.0 83397.0
2022.0 17.0 639721.0 3674180.0 8381.0 439.0 248796.0 3024164.0 128204.0
1433.0 11.0 425415.0 2548463.0 5067.0 504.0 205685.0 2038064.0 86726.0
802.0 5.0 203755.0 1206517.0 3034.0 399.0 91196.0 982204.0 41575.0
852.0 5.0 262504.0 1458249.0 5525.0 265.0 120517.0 1182583.0 37934.0
759.0 5.0 254717.0 1335552.0 4499.0 298.0 115388.0 1045164.0 48588.0
1080.0 6.0 292503.0 1634410.0 3433.0 477.0 135663.0 1435264.0 35809.0
2127.0 20.0 1177097.0 6626179.0 11144.0 596.0 422028.0 5728261.0 669294.0
1163.0 16.0 444817.0 2677334.0 7733.0 347.0 217862.0 2335508.0 99657.0
1576.0 19.0 578810.0 3307744.0 17719.0 188.0 307307.0 2434976.0 102074.0
1837.0 8.0 649014.0 3687166.0 22851.0 162.0 304096.0 2662796.0 234791.0
757.0 3.0 117172.0 669920.0 38402.0 18.0 75451.0 394104.0 16745.0
2453.0 5.0 451630.0 2603752.0 28388.0 93.0 277718.0 1692167.0 32640.0
792.0 5.0 326135.0 1828731.0 10641.0 173.0 112336.0 1151377.0 28061.0
471.0 10.0 201786.0 1036347.0 5137.0 203.0 81093.0 607716.0 42521.0
1018.0 12.0 418158.0 2037574.0 12388.0 165.0 175608.0 1399309.0 88648.0
1100.0 12.0 494833.0 2583053.0 8482.0 306.0 174135.0 1677507.0 201089.0
1117.0 9.0 266871.0 1421327.0 7195.0 199.0 127919.0 1082093.0 54745.0
868.0 10.0 220769.0 1110907.0 5777.0 193.0 121686.0 800114.0 43619.0
1791.0 10.0 498126.0 2408524.0 10456.0 231.0 164087.0 1483366.0 104061.0
1038.0 10.0 243079.0 1156598.0 4656.0 249.0 111131.0 771522.0 37201.0
973.0 5.0 282030.0 1388553.0 3771.0 369.0 342173.0 972940.0 18955.0
1486.0 5.0 367798.0 1797486.0 4523.0 398.0 235044.0 1211799.0 27522.0
1582.0 8.0 329120.0 1544339.0 7823.0 198.0 82934.0 913222.0 59788.0
806.0 12.0 396502.0 1951015.0 5218.0 375.0 163120.0 1514166.0 245151.0
1115.0 9.0 241429.0 1222756.0 6993.0 176.0 140407.0 878832.0 49903.0
1489.0 10.0 283296.0 1411130.0 6220.0 228.0 117951.0 924577.0 45594.0
2472.0 18.0 623532.0 3068421.0 11725.0 263.0 363712.0 1918085.0 127559.0
971.0 4.0 178727.0 867849.0 4450.0 196.0 69224.0 534224.0 14917.0
1244.0 17.0 597657.0 3466383.0 3690.0 941.0 171671.0 2687957.0 189459.0
881.0 28.0 676643.0 4143513.0 4009.0 1035.0 173777.0 3136715.0 200894.0
2187.0 27.0 633198.0 3682714.0 4562.0 808.0 246786.0 2896874.0 154201.0
1551.0 18.0 796171.0 4772007.0 3719.0 1284.0 281936.0 3368923.0 273408.0
1109.0 11.0 393737.0 2335820.0 2368.0 988.0 148693.0 1614732.0 103222.0
960.0 10.0 314402.0 1840222.0 2250.0 819.0 108320.0 1486049.0 78985.0
605.0 19.0 579111.0 3443690.0 2560.0 1347.0 198499.0 2687173.0 307432.0
291.0 9.0 209917.0 1303049.0 1322.0 987.0 73338.0 1033491.0 45423.0
512.0 27.0 850677.0 4681646.0 1180.0 3972.0 266968.0 3732220.0 602627.0
305.0 14.0 327091.0 1648116.0 1283.0 1287.0 96094.0 1327097.0 215175.0
1175.0 22.0 587530.0 3499172.0 4513.0 777.0 197218.0 2672158.0 146862.0
1171.0 25.0 611372.0 3673890.0 3651.0 1008.0 241053.0 2865733.0 204338.0
656.0 13.0 260861.0 1564709.0 1841.0 851.0 125176.0 1297011.0 56034.0
731.0 26.0 423126.0 2547185.0 3341.0 764.0 184443.0 2040810.0 130245.0
894.0 28.0 710567.0 4418798.0 4042.0 1094.0 321297.0 3644305.0 338776.0
791.0 10.0 414267.0 2498157.0 2408.0 1039.0 181130.0 2112844.0 139370.0
821.0 10.0 313691.0 1868530.0 2761.0 678.0 125044.0 1689191.0 50188.0
1786.0 24.0 615777.0 3681897.0 5169.0 713.0 184881.0 2269364.0 110286.0
1856.0 32.0 756785.0 4448360.0 4121.0 1081.0 347145.0 3024281.0 275746.0
1296.0 12.0 362574.0 2031008.0 3687.0 552.0 159382.0 1530306.0 63548.0
2089.0 12.0 527502.0 3006539.0 4389.0 686.0 211109.0 2136263.0 102445.0
1707.0 15.0 745078.0 4021244.0 7681.0 525.0 276440.0 2856087.0 83833.0
2318.0 13.0 801765.0 4483993.0 5744.0 782.0 376828.0 3183356.0 87110.0
1908.0 14.0 730443.0 4092846.0 5987.0 685.0 315942.0 3020620.0 91816.0
1694.0 22.0 588534.0 3108368.0 4559.0 683.0 275313.0 2270226.0 97428.0
804.0 13.0 860704.0 4589839.0 2529.0 1817.0 514973.0 3839370.0 577511.0
1734.0 10.0 619708.0 3405560.0 4610.0 740.0 485362.0 2712904.0 53932.0
873.0 10.0 314145.0 1885205.0 2182.0 865.0 104578.0 1465194.0 72026.0
689.0 9.0 280929.0 1656617.0 2094.0 793.0 105978.0 1367350.0 47183.0
687.0 7.0 277528.0 1581811.0 2312.0 685.0 150256.0 1384265.0 63980.0
770.0 10.0 248198.0 1379546.0 2017.0 685.0 119907.0 1220211.0 42034.0
967.0 13.0 329818.0 1796185.0 3022.0 596.0 161116.0 1509116.0 30985.0
903.0 11.0 863339.0 4581269.0 3156.0 1453.0 455691.0 3730814.0 569963.0
943.0 11.0 288339.0 1689975.0 4566.0 371.0 165604.0 1332422.0 71769.0
746.0 20.0 367780.0 1998604.0 5025.0 399.0 200349.0 1540016.0 151937.0
692.0 7.0 222095.0 1221593.0 5040.0 243.0 80542.0 913574.0 32552.0
498.0 8.0 204864.0 1104286.0 4022.0 276.0 109501.0 855408.0 38164.0
436.0 6.0 158436.0 875959.0 3145.0 280.0 78457.0 652152.0 33758.0
658.0 9.0 319964.0 1799411.0 4409.0 409.0 155301.0 1393834.0 49719.0
563.0 5.0 168233.0 991731.0 3217.0 309.0 65391.0 796651.0 16955.0
1353.0 8.0 472239.0 2632734.0 4153.0 635.0 269861.0 2050522.0 57661.0
2184.0 10.0 533547.0 3209142.0 3718.0 864.0 420061.0 2972877.0 28418.0
730.0 10.0 277852.0 1599597.0 1780.0 900.0 159230.0 1243975.0 21654.0
2810.0 26.0 976734.0 5954392.0 5483.0 1087.0 709267.0 5485034.0 255723.0
1818.0 16.0 579059.0 3260700.0 4403.0 742.0 286503.0 2366300.0 54804.0
1236.0 11.0 423376.0 2470997.0 2342.0 1057.0 281052.0 2166772.0 57665.0
1650.0 8.0 368729.0 2397889.0 2351.0 1021.0 297553.0 2297084.0 43694.0
2499.0 12.0 623524.0 3797118.0 4437.0 857.0 470379.0 3334929.0 33078.0
1360.0 6.0 603755.0 3487732.0 5238.0 667.0 300212.0 2030076.0 45862.0
510.0 3.0 188290.0 1117362.0 1641.0 682.0 121974.0 639327.0 5959.0
999.0 7.0 323882.0 2148666.0 3350.0 643.0 207116.0 1269726.0 25514.0
1813.0 11.0 541248.0 3433920.0 4004.0 859.0 341699.0 2533372.0 36970.0
2337.0 9.0 379352.0 2559298.0 2896.0 885.0 300101.0 1828485.0 23891.0
3161.0 4.0 382213.0 2464465.0 2689.0 918.0 275527.0 2159704.0 21576.0
1583.0 7.0 256646.0 1715184.0 1647.0 1043.0 202275.0 1437954.0 18725.0
1213.0 8.0 426566.0 2684704.0 2953.0 910.0 369132.0 2151549.0 21776.0
2938.0 15.0 692961.0 4440896.0 3322.0 1338.0 564407.0 3829965.0 137962.0
1580.0 9.0 561063.0 3564545.0 2906.0 1228.0 456794.0 2911113.0 27229.0
2020.0 11.0 468347.0 3100947.0 2541.0 1222.0 366375.0 2859334.0 47697.0
3801.0 21.0 665233.0 4613914.0 4055.0 1139.0 493125.0 4411518.0 53645.0
1500.0 15.0 324425.0 2205969.0 1714.0 1289.0 251554.0 2093699.0 70780.0
1844.0 12.0 480269.0 3239775.0 2982.0 1088.0 401292.0 2900600.0 45085.0
3288.0 14.0 663514.0 4494205.0 4039.0 1114.0 410685.0 4318320.0 50270.0
2741.0 9.0 546665.0 3620269.0 3378.0 1073.0 380612.0 3320337.0 41570.0
1426.0 12.0 296805.0 1952757.0 2542.0 769.0 255434.0 1693615.0 37676.0
1259.0 40.0 560163.0 3676842.0 1536.0 2396.0 305476.0 3290432.0 253185.0
1088.0 12.0 222404.0 1578214.0 1016.0 1556.0 149798.0 1431980.0 32659.0
1746.0 11.0 394926.0 2496971.0 4406.0 568.0 264888.0 2120440.0 55603.0
1392.0 19.0 333175.0 1862560.0 6906.0 271.0 217562.0 1485198.0 62353.0
854.0 11.0 290684.0 1774481.0 2432.0 731.0 123842.0 1537396.0 44996.0
651.0 12.0 237904.0 1436720.0 1956.0 736.0 74001.0 1029683.0 47165.0
1366.0 9.0 710462.0 3935043.0 5229.0 754.0 477310.0 2727384.0 73108.0
1253.0 11.0 981517.0 5099372.0 3969.0 1286.0 462128.0 3558441.0 71845.0
192.0 2.0 150145.0 656247.0 350.0 1881.0 63202.0 424241.0 5859.0
809.0 9.0 736323.0 3423575.0 2295.0 1493.0 310795.0 2166666.0 37049.0
1041.0 7.0 898516.0 4487380.0 3502.0 1283.0 456959.0 3374715.0 29992.0
527.0 4.0 443074.0 2229077.0 2426.0 920.0 265856.0 1650233.0 20494.0
717.0 4.0 568143.0 2811570.0 2831.0 994.0 260871.0 1905660.0 32782.0
733.0 4.0 338446.0 1690401.0 1885.0 898.0 117327.0 1177575.0 31949.0
1114.0 4.0 647778.0 3264620.0 3230.0 1012.0 326790.0 2079808.0 66415.0
1307.0 4.0 619077.0 3071030.0 3058.0 1006.0 300136.0 2061692.0 53565.0
381.0 4.0 401290.0 2001763.0 1789.0 1121.0 229416.0 1355576.0 17434.0
446.0 2.0 368980.0 1900662.0 1688.0 1128.0 235609.0 1254660.0 28863.0
1070.0 5.0 803013.0 3937386.0 2280.0 1729.0 449841.0 2663942.0 73913.0
1720.0 10.0 945704.0 4801063.0 3173.0 1515.0 638138.0 3603404.0 88571.0
1396.0 6.0 413045.0 2562013.0 2034.0 1261.0 284351.0 2153134.0 25624.0
1436.0 4.0 535662.0 3330465.0 2220.0 1502.0 401066.0 2875208.0 28607.0
1571.0 7.0 631098.0 3951863.0 2642.0 1497.0 452258.0 3263434.0 55874.0
1423.0 4.0 626088.0 3495022.0 2037.0 1718.0 354699.0 2769067.0 38281.0
1130.0 8.0 835494.0 4261567.0 2905.0 1468.0 445425.0 3264092.0 28092.0
695.0 11.0 589668.0 2970542.0 1919.0 1550.0 361058.0 2327232.0 107176.0
246.0 3.0 328824.0 1666887.0 1487.0 1123.0 218455.0 1197419.0 16107.0
967.0 11.0 564712.0 3037767.0 2570.0 1183.0 435751.0 2310213.0 106304.0
1703.0 3.0 381602.0 2034764.0 3021.0 675.0 283263.0 1400543.0 13605.0
535.0 8.0 263172.0 1367766.0 1420.0 965.0 195578.0 1105867.0 71011.0
363.0 3.0 163356.0 1000913.0 1229.0 816.0 119612.0 756002.0 24108.0
262.0 3.0 100702.0 636343.0 690.0 925.0 62459.0 497869.0 17797.0
1004.0 7.0 477530.0 2877654.0 2356.0 1223.0 276995.0 2213793.0 75751.0
1265.0 23.0 975579.0 5838466.0 3203.0 1824.0 603141.0 4726398.0 429425.0
998.0 7.0 416091.0 2728408.0 2396.0 1140.0 305211.0 2239151.0 59432.0
836.0 4.0 261661.0 1706353.0 1704.0 1003.0 179735.0 1407759.0 26484.0
1338.0 4.0 250885.0 1626385.0 3333.0 489.0 173819.0 1372287.0 10190.0
1718.0 11.0 460346.0 2959919.0 3882.0 764.0 347003.0 2604568.0 69952.0
1743.0 7.0 391899.0 2540074.0 3306.0 770.0 299370.0 2168806.0 36863.0
2683.0 7.0 688426.0 4391419.0 4977.0 884.0 496491.0 3391033.0 89643.0
956.0 6.0 338248.0 2219147.0 2495.0 891.0 217623.0 1628400.0 33345.0
1325.0 6.0 307083.0 1760406.0 3099.0 569.0 174619.0 1268582.0 24878.0
542.0 3.0 181741.0 1125314.0 932.0 1210.0 110422.0 917989.0 21821.0
300.0 2.0 118223.0 700844.0 639.0 1100.0 68806.0 567704.0 8454.0
53.0 2.0 8874.0 43710.0 4227.0 11.0 3044.0 35829.0 1055.0
120.0 3.0 28024.0 136436.0 1167.0 118.0 10107.0 124070.0 1134.0
141.0 3.0 30544.0 146851.0 751.0 197.0 11401.0 126081.0 4841.0
115.0 5.0 61568.0 283584.0 955.0 298.0 21055.0 231151.0 28692.0
219.0 2.0 10063.0 49978.0 2173.0 24.0 4429.0 35049.0 1686.0
261.0 4.0 18160.0 83948.0 7423.0 12.0 8152.0 61135.0 4091.0
357.0 2.0 14509.0 78691.0 4135.0 20.0 6558.0 78011.0 3611.0
456.0 4.0 35731.0 176574.0 3463.0 52.0 20561.0 203105.0 21486.0
544.0 2.0 15870.0 83449.0 7033.0 13.0 10504.0 87554.0 2639.0
445.0 3.0 21232.0 112275.0 8326.0 14.0 8860.0 101428.0 5461.0
151.0 3.0 19108.0 99215.0 3604.0 29.0 10095.0 97140.0 6190.0
99.0 2.0 7325.0 35321.0 6591.0 6.0 3335.0 30543.0 1596.0
348.0 4.0 29522.0 148227.0 4663.0 33.0 8840.0 100679.0 4664.0
190.0 4.0 20612.0 111976.0 2363.0 48.0 7353.0 80864.0 4634.0
537.0 2.0 15250.0 83031.0 3509.0 25.0 10519.0 96058.0 3005.0
701.0 2.0 15038.0 92077.0 6041.0 16.0 11020.0 78604.0 464.0
135.0 2.0 1953.0 8005.0 9130.0 2.0 1694.0 7451.0 622.0
265.0 2.0 11601.0 54081.0 3901.0 15.0 4334.0 48091.0 2618.0
287.0 3.0 30006.0 145727.0 5213.0 29.0 9279.0 110044.0 7428.0
279.0 2.0 4613.0 21168.0 6191.0 4.0 871.0 16118.0 188.0
132.0 3.0 41979.0 250261.0 1787.0 141.0 20677.0 166407.0 6157.0
108.0 5.0 42691.0 194623.0 1616.0 122.0 17921.0 162250.0 12731.0
192.0 3.0 27836.0 140758.0 1256.0 113.0 12849.0 138935.0 4822.0
152.0 2.0 31892.0 166344.0 1629.0 103.0 16689.0 151067.0 6274.0
220.0 8.0 78606.0 378812.0 928.0 410.0 35588.0 346288.0 42101.0
118.0 3.0 36640.0 163419.0 2027.0 82.0 13721.0 145973.0 5058.0
139.0 2.0 36743.0 196597.0 2537.0 79.0 12986.0 157672.0 6961.0
50.0 2.0 11986.0 50485.0 563.0 91.0 4011.0 41676.0 1691.0
91.0 2.0 14772.0 74005.0 1131.0 66.0 5016.0 60561.0 3110.0
106.0 4.0 54392.0 267989.0 1464.0 184.0 21971.0 258914.0 26756.0
103.0 3.0 18476.0 95220.0 1652.0 59.0 9916.0 80894.0 2861.0
670.0 2.0 83412.0 479149.0 3272.0 147.0 53295.0 437213.0 1438.0
175.0 2.0 25040.0 140652.0 4392.0 33.0 19721.0 124311.0 3482.0
597.0 4.0 49090.0 274144.0 4571.0 61.0 33930.0 245892.0 3303.0
49.0 8.0 46581.0 237400.0 497.0 480.0 29104.0 173973.0 17344.0
88.0 10.0 85966.0 422169.0 515.0 822.0 56370.0 322006.0 31078.0
108.0 14.0 111157.0 517993.0 520.0 999.0 71265.0 420349.0 69562.0
192.0 16.0 92125.0 456114.0 710.0 644.0 59476.0 347958.0 37682.0
214.0 2.0 35695.0 183999.0 4545.0 41.0 20062.0 186991.0 5227.0
431.0 2.0 28802.0 144183.0 3314.0 45.0 17922.0 121949.0 3232.0
87.0 4.0 17732.0 86365.0 3026.0 30.0 2009.0 66960.0 3193.0
35.0 5.0 17271.0 83956.0 1383.0 62.0 6121.0 65573.0 9663.0
95.0 5.0 82525.0 400310.0 3577.0 113.0 29517.0 339224.0 65197.0
84.0 5.0 25521.0 125746.0 3186.0 40.0 6252.0 107372.0 10069.0
36.0 4.0 12623.0 64938.0 1422.0 47.0 3927.0 56485.0 6292.0
162.0 4.0 33059.0 161429.0 4537.0 37.0 17764.0 127720.0 14116.0
160.0 2.0 22985.0 117895.0 2558.0 47.0 6259.0 79912.0 3911.0
53.0 2.0 11145.0 56575.0 1400.0 41.0 3056.0 50812.0 4608.0
282.0 22.0 410566.0 1725740.0 2994.0 578.0 382832.0 1247325.0 168242.0
269.0 11.0 208128.0 876002.0 3058.0 288.0 173013.0 650061.0 31898.0
149.0 5.0 84510.0 378231.0 2401.0 159.0 72975.0 335991.0 10106.0
167.0 8.0 152356.0 693948.0 2037.0 342.0 140394.0 505026.0 28732.0
1578.0 2.0 123353.0 643292.0 3678.0 176.0 54797.0 531884.0 13744.0
1059.0 3.0 58329.0 317918.0 2604.0 123.0 19159.0 267402.0 7744.0
732.0 2.0 24528.0 142335.0 1888.0 76.0 8336.0 121532.0 2352.0
1094.0 3.0 64907.0 383462.0 5248.0 74.0 32043.0 328598.0 7187.0
580.0 3.0 46873.0 258841.0 2449.0 107.0 16847.0 221551.0 4461.0
924.0 14.0 164047.0 825923.0 2749.0 302.0 57235.0 736419.0 77062.0
499.0 2.0 66029.0 395125.0 3820.0 104.0 49421.0 309946.0 4943.0
1054.0 5.0 181082.0 887143.0 3297.0 270.0 81891.0 617377.0 11723.0
1053.0 10.0 414675.0 1949259.0 2177.0 897.0 247714.0 1149582.0 43600.0
780.0 12.0 198455.0 1008184.0 1825.0 554.0 116835.0 673183.0 28452.0
826.0 10.0 337930.0 1693623.0 2283.0 743.0 205617.0 1090117.0 31496.0
599.0 7.0 184603.0 957424.0 1552.0 618.0 98180.0 632444.0 16158.0
1362.0 18.0 559341.0 2823769.0 3974.0 712.0 305002.0 1898523.0 78942.0
1799.0 9.0 392920.0 1924111.0 5205.0 371.0 241179.0 1207231.0 40273.0
1147.0 5.0 204308.0 1042138.0 2278.0 459.0 122723.0 785822.0 21116.0
1265.0 5.0 129870.0 686134.0 3238.0 213.0 80105.0 556818.0 10232.0
1137.0 14.0 268599.0 1327930.0 3791.0 351.0 158519.0 837468.0 57892.0
1319.0 10.0 276868.0 1326336.0 3382.0 393.0 208290.0 879255.0 54454.0
863.0 8.0 248368.0 1151051.0 2669.0 432.0 196802.0 740538.0 26232.0
764.0 12.0 236263.0 1092257.0 2852.0 384.0 178819.0 739504.0 51621.0
1033.0 8.0 227198.0 1066889.0 3503.0 306.0 133643.0 727406.0 22338.0
2713.0 8.0 177647.0 956314.0 10435.0 93.0 97493.0 766527.0 23690.0
677.0 5.0 42253.0 214103.0 4889.0 45.0 22162.0 180143.0 12964.0
999.0 20.0 379956.0 1736618.0 3787.0 460.0 265544.0 1129812.0 69206.0
916.0 8.0 247715.0 1228687.0 1810.0 680.0 177304.0 783271.0 23152.0
331.0 4.0 143351.0 659297.0 1328.0 498.0 93390.0 430119.0 10260.0
536.0 6.0 150019.0 738805.0 1094.0 677.0 90627.0 493521.0 24924.0
502.0 4.0 97396.0 482163.0 1924.0 252.0 47519.0 344839.0 7573.0
1038.0 17.0 311115.0 1517543.0 3106.0 490.0 239624.0 1051993.0 30846.0
205.0 13.0 293113.0 1253939.0 956.0 1314.0 172411.0 948765.0 247629.0
456.0 12.0 155249.0 771640.0 1053.0 734.0 142640.0 544793.0 17648.0
680.0 3.0 191702.0 950076.0 2458.0 388.0 123394.0 669505.0 2453.0
553.0 4.0 187784.0 928501.0 1586.0 587.0 111302.0 580673.0 12433.0
792.0 4.0 168718.0 831669.0 2013.0 414.0 92964.0 557580.0 8314.0
617.0 30.0 391235.0 1846824.0 3150.0 587.0 337413.0 1440748.0 154541.0
719.0 40.0 868327.0 3872847.0 6228.0 623.0 846203.0 2840743.0 243312.0
1133.0 19.0 665721.0 2819087.0 3388.0 833.0 528730.0 2030265.0 69694.0
1476.0 10.0 605675.0 3007135.0 3141.0 959.0 503494.0 2094885.0 73292.0
1583.0 8.0 396407.0 1676277.0 2220.0 756.0 343426.0 1200772.0 57176.0
1614.0 30.0 846992.0 3988846.0 3734.0 1070.0 822691.0 2759071.0 112785.0
1887.0 73.0 1570760.0 7103808.0 5325.0 1335.0 1308429.0 4960341.0 284560.0
2243.0 21.0 817900.0 3502405.0 4546.0 772.0 780746.0 2196912.0 102424.0
2419.0 97.0 1730928.0 7717564.0 7025.0 1100.0 1681626.0 4760876.0 659367.0
1217.0 66.0 1232283.0 5167601.0 3928.0 1317.0 1005580.0 3349373.0 348973.0
1519.0 108.0 2348684.0 10009782.0 4095.0 2446.0 1979678.0 6183084.0 1355450.0
1843.0 78.0 1287424.0 5519146.0 3150.0 1754.0 1103949.0 3225316.0 505944.0
3586.0 13.0 766903.0 3596675.0 6883.0 524.0 839258.0 2183914.0 65744.0
2460.0 29.0 567825.0 2930116.0 6260.0 469.0 769102.0 1867053.0 71989.0
645.0 139.0 1061337.0 4850030.0 1468.0 3307.0 848916.0 2873069.0 669903.0
1.0 2.0 1024929.0 4496695.0 186.0 24307.0 733142.0 2723504.0 1024929.0
1995.0 119.0 1781222.0 8161962.0 9961.0 820.0 1908639.0 5047686.0 482963.0
7601.0 20.0 1301611.0 5913458.0 9369.0 632.0 1374578.0 3766089.0 158736.0
2930.0 26.0 1114171.0 5095876.0 4714.0 1082.0 1349493.0 3299278.0 125387.0
845.0 4.0 254698.0 1322785.0 4094.0 324.0 293594.0 1080042.0 13234.0
1378.0 3.0 182272.0 1042887.0 3719.0 281.0 156170.0 811121.0 10976.0
578.0 6.0 116156.0 716260.0 2541.0 283.0 65853.0 566149.0 24463.0
2559.0 13.0 396522.0 2445475.0 4963.0 494.0 363721.0 1867953.0 35813.0
2355.0 3.0 264348.0 1492074.0 2478.0 603.0 192720.0 1087366.0 46565.0
1689.0 4.0 253649.0 1313552.0 2267.0 581.0 238780.0 867667.0 11834.0
1350.0 9.0 227024.0 1150568.0 2064.0 559.0 114960.0 786893.0 30968.0
1142.0 5.0 182318.0 900423.0 1812.0 498.0 99090.0 532708.0 13412.0
1076.0 47.0 507065.0 2684488.0 2041.0 1317.0 352312.0 2234704.0 296041.0
612.0 28.0 394919.0 2062331.0 2884.0 716.0 314608.0 1754452.0 188771.0
353.0 2.0 88639.0 461791.0 1503.0 308.0 73380.0 412649.0 11103.0
1610.0 16.0 476932.0 2293920.0 3563.0 645.0 285560.0 1658402.0 258772.0
1712.0 10.0 358755.0 1939870.0 4394.0 443.0 355578.0 1670253.0 39927.0
750.0 5.0 133382.0 726979.0 4292.0 170.0 149266.0 581333.0 10066.0
1194.0 18.0 304750.0 1734496.0 3556.0 489.0 263333.0 1477049.0 49299.0
306.0 24.0 179376.0 949444.0 1342.0 709.0 103388.0 855832.0 80547.0
2689.0 6.0 275020.0 1321443.0 3762.0 352.0 269489.0 875795.0 17410.0
1083.0 4.0 155276.0 791043.0 1812.0 438.0 167912.0 506696.0 14965.0
1297.0 16.0 569445.0 2914254.0 5098.0 573.0 395018.0 2551785.0 243210.0
755.0 3.0 103701.0 531886.0 2536.0 211.0 66594.0 395863.0 9056.0
943.0 4.0 188989.0 1025214.0 5361.0 192.0 141459.0 846846.0 12356.0
450.0 2.0 118289.0 599579.0 3775.0 160.0 83759.0 418600.0 8253.0
1643.0 12.0 302047.0 1502339.0 7225.0 209.0 236641.0 961905.0 44753.0
1147.0 8.0 221233.0 1065057.0 2658.0 402.0 159149.0 782219.0 53642.0
1180.0 9.0 370309.0 1481256.0 5838.0 255.0 202704.0 787361.0 34179.0
348.0 6.0 136062.0 579506.0 2115.0 275.0 79979.0 335452.0 51775.0
1230.0 7.0 249598.0 1041100.0 6625.0 158.0 137023.0 587664.0 70187.0
719.0 2.0 75453.0 312521.0 2941.0 107.0 63387.0 183143.0 5395.0
1714.0 15.0 479110.0 2093438.0 9713.0 217.0 304361.0 1351239.0 166613.0
2065.0 10.0 405273.0 1801734.0 8304.0 218.0 294246.0 982507.0 56825.0
3752.0 6.0 586254.0 2519739.0 10419.0 243.0 553716.0 1494585.0 43528.0
2636.0 6.0 533002.0 2320530.0 3807.0 611.0 265600.0 1437382.0 55568.0
1251.0 5.0 306334.0 1506338.0 2506.0 602.0 188750.0 968441.0 35543.0
1416.0 3.0 321935.0 1440362.0 2645.0 546.0 173558.0 902474.0 16067.0
1224.0 5.0 261308.0 1136972.0 1669.0 683.0 143994.0 661899.0 27682.0
1855.0 12.0 579171.0 2624471.0 3933.0 668.0 308225.0 1580169.0 149717.0
1599.0 9.0 407852.0 1827193.0 2900.0 631.0 224212.0 1101220.0 29207.0
1082.0 6.0 279365.0 1192812.0 4453.0 269.0 192094.0 678733.0 25919.0
1655.0 19.0 297051.0 1273822.0 6376.0 201.0 211171.0 755020.0 47318.0
1542.0 10.0 228316.0 962790.0 3891.0 249.0 146063.0 538532.0 17466.0
1357.0 14.0 494213.0 2251674.0 2814.0 801.0 274929.0 1460532.0 246909.0
1601.0 7.0 367270.0 1698731.0 3480.0 489.0 246685.0 1008227.0 54082.0
2784.0 40.0 758268.0 3529032.0 8207.0 431.0 542841.0 2116410.0 162206.0
1500.0 6.0 128524.0 577818.0 4326.0 135.0 90919.0 346481.0 16159.0
2418.0 5.0 172023.0 733111.0 8022.0 92.0 146344.0 477644.0 16767.0
1118.0 2.0 106962.0 441163.0 3099.0 143.0 70189.0 273384.0 4560.0
857.0 5.0 151137.0 610184.0 2338.0 262.0 102253.0 366235.0 11791.0
1752.0 9.0 414750.0 1648998.0 6576.0 252.0 287979.0 923319.0 45477.0
657.0 3.0 152211.0 610383.0 3853.0 159.0 119396.0 357139.0 7912.0
2117.0 6.0 401252.0 1576870.0 7921.0 200.0 316651.0 899543.0 27948.0
2469.0 8.0 226145.0 967912.0 7074.0 138.0 184204.0 515781.0 34577.0
869.0 6.0 273424.0 1220947.0 5292.0 232.0 220853.0 615410.0 20216.0
1942.0 8.0 337678.0 1379648.0 8808.0 158.0 210456.0 708507.0 54895.0
996.0 4.0 137600.0 613193.0 5792.0 107.0 71173.0 321128.0 11375.0
624.0 9.0 153275.0 658918.0 6605.0 101.0 88652.0 538701.0 45082.0
1747.0 17.0 526050.0 2359887.0 15733.0 151.0 261796.0 1723101.0 49583.0
755.0 6.0 192571.0 851670.0 5839.0 147.0 95660.0 609012.0 16539.0
1427.0 11.0 367963.0 1493985.0 7087.0 212.0 134579.0 1020245.0 55163.0
708.0 8.0 280074.0 1206641.0 6599.0 184.0 143724.0 888468.0 99856.0
882.0 16.0 364533.0 1619708.0 3854.0 421.0 226948.0 1213241.0 48189.0
1567.0 21.0 600823.0 2663630.0 8273.0 323.0 301847.0 1957932.0 144188.0
958.0 7.0 178447.0 822527.0 4236.0 195.0 81268.0 606248.0 19147.0
1601.0 9.0 318489.0 1537134.0 8071.0 191.0 149025.0 1135418.0 59801.0
1762.0 26.0 701708.0 3343873.0 8536.0 393.0 271521.0 2460525.0 277414.0
2095.0 27.0 871226.0 4063873.0 12384.0 329.0 446994.0 2995570.0 315648.0
1113.0 7.0 248562.0 1032755.0 4791.0 217.0 103533.0 710530.0 27027.0
620.0 7.0 170952.0 799782.0 4085.0 197.0 57694.0 605527.0 32497.0
1064.0 7.0 160938.0 748942.0 7162.0 106.0 78064.0 532303.0 17799.0
1129.0 7.0 311539.0 1413200.0 10471.0 136.0 216241.0 909893.0 43281.0
376.0 2.0 27983.0 139821.0 4654.0 31.0 16995.0 86410.0 4915.0
591.0 9.0 120851.0 533639.0 8299.0 65.0 66108.0 294067.0 22576.0
566.0 4.0 54758.0 255231.0 8531.0 31.0 34590.0 133044.0 6469.0
517.0 4.0 146044.0 687862.0 6607.0 105.0 58411.0 507077.0 20522.0
776.0 10.0 362647.0 1965971.0 4990.0 395.0 115194.0 1627567.0 78106.0
891.0 13.0 299234.0 1703006.0 4460.0 383.0 106627.0 1400948.0 72563.0
619.0 12.0 383846.0 2032037.0 4561.0 447.0 140032.0 1665273.0 239352.0
587.0 6.0 160216.0 786755.0 2903.0 272.0 50862.0 613654.0 34199.0
1306.0 8.0 359970.0 1726051.0 10067.0 172.0 105456.0 1316336.0 55683.0
879.0 14.0 296117.0 1445167.0 5049.0 287.0 122112.0 1070675.0 46340.0
1086.0 17.0 356298.0 1762376.0 8688.0 204.0 158452.0 1356364.0 74428.0
948.0 7.0 228710.0 1016521.0 7136.0 143.0 123659.0 810670.0 25171.0
1902.0 21.0 517851.0 2378459.0 10253.0 233.0 198786.0 1817157.0 138414.0
1177.0 10.0 297609.0 1264220.0 7307.0 174.0 142618.0 908888.0 51681.0
1800.0 14.0 478742.0 2228936.0 7503.0 298.0 228967.0 1844556.0 92956.0
2409.0 14.0 526066.0 2365107.0 6315.0 376.0 254751.0 1993011.0 75769.0
595.0 8.0 145025.0 644759.0 4077.0 159.0 118294.0 491934.0 23784.0
676.0 11.0 179747.0 826068.0 4257.0 195.0 48868.0 565944.0 48546.0
894.0 12.0 286809.0 1340412.0 5536.0 243.0 79346.0 918774.0 56396.0
1054.0 11.0 296684.0 1455070.0 4862.0 300.0 163210.0 982537.0 84830.0
1096.0 10.0 391439.0 1986865.0 6092.0 327.0 149518.0 1378165.0 152489.0
1072.0 14.0 300026.0 1512682.0 6196.0 245.0 128421.0 1077200.0 55783.0
1058.0 14.0 308872.0 1563716.0 7021.0 224.0 104115.0 1121611.0 87596.0
1478.0 14.0 425915.0 2185794.0 8154.0 269.0 162397.0 1535239.0 86742.0
615.0 25.0 649541.0 3276698.0 3899.0 842.0 165330.0 2355859.0 490141.0
1195.0 12.0 367989.0 1873047.0 8026.0 234.0 106647.0 1242314.0 58674.0
697.0 9.0 243278.0 1385882.0 5428.0 256.0 83040.0 850733.0 38634.0
1678.0 14.0 345298.0 1545815.0 6154.0 252.0 183130.0 1121386.0 53280.0
1537.0 8.0 299677.0 1458876.0 7372.0 199.0 125294.0 1139605.0 67514.0
502.0 4.0 501806.0 2371062.0 2773.0 856.0 230849.0 1935484.0 408748.0
1032.0 9.0 257312.0 1311333.0 6579.0 200.0 131081.0 1029457.0 46844.0
1425.0 13.0 278896.0 1331598.0 8467.0 158.0 126312.0 1020015.0 62917.0
1345.0 11.0 329833.0 1575363.0 10044.0 158.0 196245.0 1177052.0 67954.0
512.0 4.0 113380.0 570466.0 3335.0 172.0 51903.0 416540.0 23637.0
922.0 13.0 257200.0 1241351.0 6704.0 186.0 115573.0 954465.0 81671.0
906.0 5.0 289552.0 1292043.0 4951.0 262.0 188299.0 955903.0 56430.0
1378.0 25.0 539061.0 2463290.0 5212.0 474.0 295781.0 1730853.0 301663.0
1036.0 9.0 250287.0 1091855.0 5134.0 214.0 109561.0 754146.0 44062.0
902.0 3.0 169631.0 704525.0 7471.0 95.0 95637.0 492151.0 7411.0
1204.0 9.0 250147.0 1054906.0 5801.0 183.0 182966.0 759913.0 29332.0
1907.0 25.0 443362.0 2090923.0 11816.0 178.0 237640.0 1618674.0 110213.0
1580.0 7.0 314768.0 1379132.0 8759.0 158.0 213809.0 1052986.0 36518.0
1273.0 14.0 391837.0 1701699.0 9230.0 185.0 257022.0 1278775.0 54468.0
1265.0 6.0 244402.0 1241520.0 6391.0 195.0 96412.0 952043.0 59361.0
819.0 5.0 172681.0 845072.0 4675.0 182.0 57889.0 624510.0 29887.0
815.0 9.0 251453.0 1066064.0 6206.0 173.0 201396.0 812365.0 46185.0
563.0 14.0 170716.0 749238.0 3748.0 201.0 93472.0 574459.0 43865.0
1026.0 5.0 238449.0 1127034.0 4852.0 233.0 126374.0 909818.0 18375.0
728.0 3.0 243926.0 1178274.0 5676.0 209.0 80403.0 939556.0 46024.0
784.0 6.0 194158.0 1025049.0 3601.0 286.0 99331.0 601636.0 18224.0
539.0 5.0 123801.0 729000.0 3183.0 230.0 59501.0 398340.0 10672.0
712.0 6.0 266656.0 1310062.0 7353.0 179.0 88094.0 871675.0 50474.0
262.0 4.0 146342.0 757848.0 3428.0 222.0 45239.0 453845.0 48500.0
878.0 15.0 445673.0 2092372.0 45675.0 47.0 55921.0 1264325.0 159672.0
1234.0 13.0 560412.0 3120507.0 10744.0 291.0 87840.0 2104352.0 81974.0
518.0 7.0 267634.0 1343735.0 5793.0 233.0 45137.0 907187.0 58552.0
598.0 11.0 424480.0 2035065.0 4402.0 463.0 63991.0 1450115.0 107944.0
1365.0 16.0 481415.0 2428590.0 7395.0 329.0 145575.0 1671353.0 75376.0
253.0 16.0 289991.0 1391754.0 2141.0 651.0 57620.0 975932.0 127997.0
507.0 14.0 1510135.0 7214226.0 8108.0 891.0 254569.0 4930532.0 1281653.0
648.0 10.0 343214.0 1756269.0 10424.0 169.0 76693.0 1152762.0 102410.0
834.0 24.0 786587.0 3804559.0 11199.0 341.0 83734.0 2424768.0 471626.0
698.0 17.0 430942.0 2160120.0 14185.0 153.0 57329.0 1330498.0 200639.0
180.0 7.0 124557.0 585450.0 2317.0 254.0 19773.0 351926.0 61153.0
902.0 16.0 527327.0 2743083.0 8832.0 312.0 82957.0 1958032.0 179625.0
615.0 11.0 294838.0 1514191.0 7398.0 206.0 43990.0 995412.0 75797.0
784.0 22.0 538606.0 2880366.0 10035.0 288.0 89329.0 1895438.0 236236.0
348.0 16.0 427606.0 2092746.0 3205.0 654.0 90243.0 1369275.0 129948.0
616.0 13.0 466857.0 2299886.0 3954.0 583.0 99928.0 1479476.0 107166.0
1199.0 10.0 446612.0 2390777.0 5232.0 458.0 156473.0 1651535.0 67964.0
692.0 7.0 334273.0 2127087.0 3643.0 585.0 179659.0 1502960.0 35571.0
1534.0 26.0 877107.0 4165627.0 7547.0 553.0 171953.0 2659022.0 459507.0
559.0 6.0 122175.0 590298.0 2818.0 211.0 49967.0 407802.0 13213.0
648.0 22.0 333484.0 1551020.0 6510.0 239.0 62760.0 1038321.0 116186.0
309.0 4.0 44700.0 228292.0 1767.0 130.0 13645.0 170572.0 4811.0
373.0 14.0 295132.0 1329673.0 2247.0 593.0 55569.0 838701.0 91835.0
434.0 29.0 364404.0 1705679.0 3009.0 568.0 91166.0 1171174.0 147456.0
691.0 23.0 1333201.0 6081323.0 4550.0 1338.0 106736.0 3599205.0 1063521.0
452.0 5.0 177092.0 807023.0 3140.0 258.0 49336.0 500917.0 17064.0
5.0 2.0 10581.0 52075.0 40.0 1336.0 3549.0 41137.0 5250.0
16.0 8.0 50377.0 191174.0 73.0 2656.0 5146.0 82670.0 42964.0
66.0 7.0 76459.0 343710.0 492.0 701.0 12434.0 241834.0 40365.0
931.0 10.0 323522.0 1648296.0 5956.0 278.0 85897.0 1259697.0 50739.0
675.0 9.0 408875.0 2050863.0 7196.0 286.0 68383.0 1433384.0 112158.0
1488.0 21.0 903644.0 4229918.0 11766.0 361.0 174959.0 2915412.0 279074.0
1301.0 13.0 561505.0 2586259.0 9662.0 269.0 86967.0 2008047.0 110221.0
865.0 13.0 395691.0 1813907.0 5673.81 321.0 77050.0 1454391.0 145531.0
699.0 5.0 259465.0 1197161.0 4902.19 245.0 59524.0 988297.0 41062.0
1638.0 13.0 647452.0 2888446.0 12211.0 238.0 179053.0 2163791.0 217170.0
974.0 14.0 309847.0 1300775.0 6310.0 207.0 83486.0 926370.0 97354.0
1618.0 42.0 1041545.0 4653571.0 9893.0 471.0 266228.0 3432456.0 701548.0
772.0 13.0 278077.0 1200335.0 4088.0 295.0 157765.0 885061.0 53144.0
884.0 11.0 292370.0 1322508.0 5235.0 254.0 159927.0 1009382.0 48530.0
1510.0 7.0 250436.0 1072943.0 14413.0 75.0 145464.0 865235.0 28023.0
1464.0 24.0 536687.0 2204308.0 11444.0 194.0 233059.0 1588295.0 180459.0
1854.0 19.0 646887.0 2772349.0 13583.0 205.0 145363.0 2184949.0 131385.0
1542.0 18.0 665435.0 3361293.0 10529.0 320.0 156513.0 2503743.0 171094.0
676.0 4.0 228869.0 1177346.0 4828.0 245.0 40789.0 946476.0 32614.0
831.0 9.0 361131.0 1836087.0 6215.0 296.0 59879.0 1330427.0 104732.0
959.0 5.0 391702.0 1959047.0 7695.11 256.0 58982.0 1342698.0 70794.0
1315.0 17.0 751916.0 3701283.0 10131.89 366.0 115006.0 2762374.0 330966.0
1920.0 26.0 1222888.0 6107188.0 15531.0 394.0 190832.0 4699099.0 545578.0
1705.0 52.0 2529166.0 11060149.0 9559.0 1158.0 514472.0 7442888.0 1987567.0
1.0 2.0 2105605.0 9356963.0 447.0 20981.0 335564.0 6322067.0 2105605.0
1.0 1.0 674340.0 3085412.0 158.0 19653.0 126512.0 1982334.0 674340.0
1861.0 43.0 611791.0 2634201.0 7153.0 369.0 182830.0 1831083.0 230587.0
1853.0 36.0 2151504.0 9429409.0 15644.0 604.0 321345.0 6444172.0 1371532.0
1582.0 20.0 930025.0 4543160.0 17049.0 267.0 151373.0 3193562.0 190942.0
1358.0 10.0 535836.0 2585050.0 10694.0 243.0 90170.0 2170537.0 100248.0
929.0 8.0 481573.0 2454197.0 7158.0 344.0 70437.0 1887466.0 118164.0
729.0 9.0 351282.0 1657577.0 7570.0 220.0 75389.0 1324147.0 54788.0
1144.0 14.0 873168.0 4317757.0 14896.0 291.0 145717.0 3047605.0 279608.0
1720.0 23.0 653736.0 3003742.0 10481.0 288.0 132376.0 2065971.0 125149.0
1532.0 17.0 397116.0 1615070.0 8209.0 198.0 103666.0 1109743.0 61798.0
741.0 9.0 209840.0 849652.0 5208.0 164.0 94684.0 540114.0 26639.0
1196.0 24.0 840241.0 3876002.0 7686.0 505.0 141333.0 2661677.0 271722.0
726.0 8.0 598387.0 2822144.0 8573.0 330.0 107117.0 1946084.0 155951.0
1591.0 23.0 649850.0 2741240.0 16106.0 171.0 259036.0 2019838.0 176840.0
848.0 9.0 593235.0 2551336.0 7957.0 322.0 182228.0 1877353.0 127697.0
1038.0 14.0 976023.0 3776270.0 11824.0 320.0 263433.0 2887565.0 232602.0
1202.0 25.0 668627.0 3033289.0 9700.0 314.0 228733.0 2249076.0 164060.0
1.0 4.0 849052.0 3943324.0 218.0 18173.0 369227.0 3471706.0 849052.0
818.0 25.0 1235342.0 5296742.0 7494.0 708.0 347482.0 4088585.0 886202.0
1466.0 19.0 869452.0 4053029.0 18433.0 221.0 245927.0 2870908.0 126346.0
1108.0 18.0 875940.0 3488810.0 14241.0 246.0 226231.0 2630796.0 159646.0
962.0 16.0 886280.0 3512577.0 12847.0 274.0 246358.0 2827052.0 241083.0
1104.0 15.0 754035.0 2797371.0 16030.0 176.0 179625.0 1995487.0 171065.0
1702.0 13.0 681331.0 2703115.0 5838.0 464.0 349891.0 1818059.0 108949.0
1453.0 15.0 587150.0 2344475.0 6540.0 360.0 193191.0 1500202.0 123624.0
3073.0 16.0 1097043.0 4290590.0 11162.0 385.0 409280.0 2910326.0 517626.0
1313.0 20.0 1428529.0 5154297.0 10808.0 478.0 360066.0 3171055.0 354756.0
843.0 14.0 1091526.0 3936967.0 7743.0 510.0 215631.0 2453614.0 214319.0
935.0 18.0 1243294.0 4517399.0 8728.0 519.0 274081.0 2991226.0 489372.0
692.0 15.0 1296610.0 4887814.0 11392.0 430.0 239868.0 3200316.0 419146.0
986.0 14.0 860464.0 3397449.0 17627.0 194.0 192413.0 2228871.0 168651.0
1094.0 11.0 776855.0 2963558.0 13077.0 228.0 207874.0 1979546.0 209735.0
831.0 19.0 706205.0 2882470.0 15360.0 189.0 194586.0 2005574.0 228493.0
871.0 13.0 887653.0 4053464.0 17659.0 231.0 242073.0 2745590.0 248533.0
922.0 17.0 968161.0 4081149.0 19131.0 214.0 271376.0 2661647.0 267795.0
1456.0 23.0 1039954.0 4174065.0 15153.0 276.0 223709.0 2826649.0 302632.0
1264.0 32.0 983855.0 4779662.0 13434.0 357.0 179283.0 3183812.0 264622.0
614.0 16.0 361150.0 1889753.0 6553.0 289.0 83325.0 1331761.0 118460.0
680.0 7.0 408807.0 2177332.0 10499.0 208.0 109593.0 1565242.0 99056.0
596.0 8.0 319938.0 1703301.0 5449.0 314.0 110647.0 1309150.0 79959.0
816.0 10.0 363854.0 1928813.0 8443.0 229.0 106890.0 1290983.0 96269.0
596.0 6.0 264596.0 1389921.0 5571.0 251.0 74306.0 994187.0 46848.0
323.0 10.0 219097.0 1064571.0 4658.0 230.0 43109.0 712375.0 79315.0
362.0 7.0 382701.0 1847024.0 4261.0 435.0 70369.0 1268804.0 222027.0
1244.0 19.0 324531.0 1437170.0 10278.0 141.0 82898.0 939855.0 95644.0
697.0 11.0 330415.0 1597669.0 4824.0 332.0 67033.0 1045709.0 73220.0
523.0 14.0 489119.0 2452596.0 8462.0 291.0 88447.0 1581829.0 193861.0
949.0 9.0 357004.0 1659457.0 8437.0 198.0 91693.0 1095621.0 73335.0
801.0 9.0 410177.0 1945498.0 5925.0 329.0 97123.0 1274127.0 134756.0
1445.0 10.0 406817.0 1752754.0 8479.0 208.0 77610.0 1156185.0 147361.0
234.0 21.0 253079.0 1177362.0 3583.0 330.0 38139.0 729308.0 75550.0
1023.0 10.0 276086.0 1137962.0 7203.0 159.0 50171.0 718823.0 57839.0
2583.0 13.0 640082.0 2678981.0 10598.0 254.0 127110.0 1694756.0 142561.0
563.0 17.0 2393846.0 9621552.0 2197.0 4382.0 398205.0 6316856.0 2180639.0
1369.0 10.0 428626.0 1805770.0 4963.0 365.0 74789.0 1106462.0 73355.0
2419.0 12.0 433454.0 1776422.0 6815.0 262.0 83871.0 1082177.0 91820.0
332.0 42.0 439734.0 2089650.0 4862.0 431.0 53996.0 1427863.0 214491.0
292.0 6.0 142717.0 554520.0 4103.0 136.0 17637.0 359843.0 20728.0
1200.0 20.0 700969.0 3001128.0 6308.0 477.0 142228.0 1956896.0 294017.0
429.0 6.0 244875.0 1020792.0 5649.0 182.0 58946.0 591509.0 40738.0
872.0 12.0 471602.0 2566327.0 10955.0 235.0 166622.0 1886198.0 158722.0
488.0 8.0 202064.0 1174272.0 5271.0 224.0 53573.0 697460.0 39877.0
1609.0 8.0 333349.0 1536402.0 3980.0 387.0 81562.0 1091943.0 106291.0
1325.0 9.0 284699.0 1255105.0 4245.0 297.0 54082.0 851485.0 63712.0
958.0 8.0 229280.0 990924.0 2299.0 432.0 42605.0 636462.0 64466.0
821.0 7.0 260534.0 1082637.0 3517.0 309.0 44299.0 662502.0 60861.0
189.0 48.0 191767.0 818009.0 1737.0 472.0 97410.0 571697.0 117063.0
133.0 24.0 151846.0 640538.0 1967.0 327.0 65498.0 462172.0 98342.0
7.0 7.0 11575.0 64474.0 31.0 2150.0 18990.0 45559.0 8865.0
94.0 28.0 273411.0 1307376.0 1990.0 658.0 171303.0 934989.0 104171.0
57.0 68.0 554299.0 2523004.0 2962.0 853.0 352902.0 1648579.0 352070.0
49.0 2.0 190895.0 817421.0 2131.0 385.0 120482.0 557454.0 7520.0
52.0 52.0 697711.0 3086294.0 2346.0 1317.0 505716.0 2108183.0 462008.0
84.0 45.0 794000.0 4112921.0 3555.0 1158.0 554236.0 3195630.0 345963.0
132.0 22.0 637221.0 2809935.0 4483.0 628.0 341309.0 1834102.0 154936.0
99.0 136.0 759211.0 3121201.0 3028.0 1032.0 392230.0 2078702.0 508334.0
62.0 57.0 814012.0 3282389.0 3064.0 1073.0 421109.0 2131571.0 554097.0
65.0 2.0 279813.0 1108975.0 4357.0 256.0 148673.0 714785.0 12605.0
81.0 18.0 487297.0 1974552.0 2207.0 896.0 290956.0 1307074.0 140398.0
52.0 39.0 535959.0 2127790.0 1416.0 1505.0 374335.0 1326160.0 287343.0
65.0 5.0 322685.0 1197413.0 2653.0 453.0 202273.0 759607.0 35070.0
70.0 28.0 669376.0 2635376.0 2484.0 1062.0 494612.0 1699754.0 292697.0
69.0 32.0 837878.0 3301428.0 2190.0 1509.0 667775.0 2175321.0 446915.0
583.0 59.0 946950.0 3728105.0 3395.0 1099.0 316344.0 2367817.0 615253.0
1.0 2.0 1154983.0 4646733.0 176.0 26554.0 357103.0 2911448.0 1154983.0
963.0 76.0 1006246.0 3998253.0 4484.0 893.0 321060.0 2535126.0 644881.0
764.0 73.0 929282.0 3936332.0 6076.0 649.0 302974.0 2575605.0 392576.0
1040.0 23.0 588837.0 2464876.0 6189.0 399.0 190737.0 1544553.0 116148.0
1432.0 20.0 800369.0 3458874.0 7195.0 482.0 290104.0 2276689.0 121522.0
518.0 69.0 915968.0 3482057.0 5238.0 666.0 137735.0 2239791.0 463945.0
363.0 35.0 475512.0 1726602.0 3421.0 506.0 63254.0 1174454.0 192264.0
288.0 60.0 658072.0 2251745.0 5761.0 392.0 86359.0 1314416.0 334570.0
41.0 19.0 197654.0 735395.0 2566.0 288.0 57544.0 477995.0 114633.0
331.0 35.0 560774.0 2159776.0 6037.0 359.0 128140.0 1340963.0 209804.0
170.0 20.0 287096.0 1064494.0 2905.0 368.0 36126.0 649056.0 118700.0
432.0 32.0 698405.0 2722291.0 4510.0 605.0 156658.0 1826464.0 341161.0
148.0 6.0 149244.0 565224.0 1757.0 323.0 31656.0 413531.0 25299.0
190.0 5.0 197091.0 754895.0 1941.0 390.0 70800.0 509942.0 21188.0
800.0 31.0 635579.0 2605915.0 3704.0 705.0 261420.0 1801849.0 212106.0
487.0 15.0 413838.0 1616451.0 2570.0 630.0 149324.0 1069162.0 90488.0
539.0 12.0 327220.0 1264278.0 2275.0 557.0 116947.0 814992.0 65221.0
790.0 35.0 605364.0 2405891.0 3412.0 706.0 173831.0 1603329.0 214162.0
733.0 17.0 387680.0 1618346.0 4645.0 349.0 110336.0 1063068.0 77395.0
509.0 17.0 338939.0 1339102.0 4234.0 317.0 132649.0 876885.0 104426.0
527.0 40.0 794888.0 3038253.0 3711.0 820.0 199294.0 1988981.0 479852.0
81.0 29.0 338113.0 1245900.0 2869.0 435.0 70217.0 817919.0 181394.0
476.0 45.0 537749.0 1942289.0 4242.0 459.0 100875.0 1279687.0 272747.0
384.0 18.0 323906.0 1353446.0 4105.0 331.0 123426.0 909134.0 95142.0
433.0 36.0 462011.0 1750177.0 4746.0 370.0 105569.0 1145967.0 226562.0
431.0 54.0 815529.0 3077234.0 6694.0 461.0 181903.0 2033370.0 396472.0
57.0 97.0 483540.0 1870375.0 1685.0 1112.0 207028.0 1277887.0 398062.0
449.0 14.0 375874.0 1506844.0 4498.0 336.0 86679.0 1061324.0 65465.0
603.0 15.0 448054.0 1879810.0 5130.0 368.0 99607.0 1255034.0 105195.0
220.0 70.0 958036.0 3458046.0 4733.0 732.0 162955.0 2041410.0 715879.0
298.0 50.0 712211.0 2479053.0 5188.0 479.0 83299.0 1350636.0 429024.0
1.0 2.0 13813.0 55627.0 31.0 1855.0 2696.0 42152.0 13813.0
63.0 7.0 231514.0 950290.0 295.0 3233.0 60279.0 649884.0 162017.0
1.0 2.0 7421.0 41817.0 10.0 4647.0 6263.0 29594.0 7421.0
29.0 3.0 49706.0 200223.0 158.0 1276.0 16241.0 137204.0 24185.0
91.0 1.0 9289.0 36843.0 1842.0 21.0 5351.0 19228.0 1.0
199.0 2.0 26200.0 105598.0 3737.0 29.0 13269.0 70251.0 725.0
109.0 5.0 59065.0 238143.0 2673.0 90.0 32569.0 173102.0 35298.0
