5.556648149999999786e-01 3.994753407999999784e+00 6.399692715999999848e+01 5.560141060000000079e-01
6.149343739999999503e-01 3.899378476999999954e+00 6.719072092999999768e+01 6.148339729999999781e-01
4.305469248999999721e+00 6.946395865000000391e+00 6.257941756000000311e+01 4.303424677999999837e+00
3.018220400000000067e-02 3.444453430999999899e+00 6.869972441000000174e+01 3.015190300000000073e-02
8.658223600000000686e-02 3.715827396999999976e+00 6.557150549000000694e+01 8.658267999999999520e-02
2.502033330000000166e+00 4.665669441000000361e+00 6.710439091000000644e+01 2.498216209000000188e+00
2.302325896999999788e+00 4.780223497999999793e+00 6.533272092999999359e+01 2.305164298999999861e+00
6.388134310999999954e+00 8.209801091999999301e+00 7.030417011999999488e+01 6.393361552000000003e+00
4.638526243000000271e+00 6.570134169000000135e+00 6.719949354999999969e+01 4.634029597999999694e+00
4.615373930000000180e-01 3.930682227000000140e+00 6.544171864000000483e+01 4.617051690000000264e-01
8.430715908999999897e+00 1.029856288999999947e+01 6.491498507999999390e+01 8.432930029999999633e+00
7.782964300000000391e-02 3.800353590999999920e+00 6.144913357000000076e+01 7.744166399999999340e-02
3.857318187999999815e+00 5.735626161999999972e+00 6.461641670000000204e+01 3.859714982999999933e+00
1.237110474999999932e+00 4.352556125999999637e+00 6.632954019999999673e+01 1.242474572000000110e+00
9.920118930000000335e-01 4.140721523999999931e+00 6.355002143000000103e+01 9.908466580000000468e-01
7.507710659999999869e-01 4.082723931000000306e+00 5.975541288000000151e+01 7.497204419999999869e-01
8.146945140000000363e-01 4.022903082000000019e+00 6.712092355000000055e+01 8.162221240000000488e-01
2.373660722999999972e+00 5.103066343000000060e+00 6.917588154999999972e+01 2.367945932000000031e+00
8.920521700000000331e-02 3.655157061000000152e+00 6.250132105000000138e+01 8.911739500000000203e-02
3.556674398999999820e+00 6.064279851000000221e+00 6.852475993999999559e+01 3.555046622999999961e+00
2.145276771999999887e+00 4.911984817999999642e+00 6.642810230999999987e+01 2.142404411999999869e+00
1.868859216999999973e+01 1.889361324000000053e+01 6.769524538999999663e+01 1.869324502999999993e+01
1.195976074000000011e+01 1.255089712999999918e+01 6.973968745999999896e+01 1.195148501999999979e+01
8.809163580000000104e-01 4.091771450999999615e+00 6.369612536999999719e+01 8.768601110000000531e-01
5.127849576000000020e+00 6.636691135000000408e+00 6.698424466000000166e+01 5.125558168999999609e+00
3.963208999999999656e-03 3.691024822999999788e+00 7.035796976000000313e+01 3.872335000000000187e-03
1.527918541000000019e+00 4.625643846000000003e+00 6.806009208999999771e+01 1.528878597000000061e+00
4.212547140999999939e+00 6.236612170999999982e+00 6.730079146999999296e+01 4.209080682999999823e+00
8.312559226999999495e+00 8.481950470999999325e+00 6.609227439000000004e+01 8.321041978000000228e+00
1.002462292000000055e+01 1.051332580000000050e+01 6.917680296000000340e+01 1.003524709999999942e+01
9.946952090999999996e+00 1.012051360000000066e+01 6.857620420000000649e+01 9.941109345999999292e+00
1.235285200000000039e+01 1.245373258999999955e+01 6.799264900999999384e+01 1.236188635999999974e+01
4.884131102999999641e+00 6.689741162999999879e+00 6.962454940000000647e+01 4.875022633000000383e+00
2.789921710000000221e+00 5.421572639999999943e+00 7.015677689000000328e+01 2.786999391000000159e+00
3.115408849999999896e-01 3.875522564000000170e+00 7.465943776000000298e+01 3.112139800000000012e-01
1.452008883999999966e+01 1.463096439999999987e+01 7.169566204000000198e+01 1.452441652000000083e+01
1.422543134999999914e+01 1.427076045999999998e+01 7.372477103999999315e+01 1.423512316000000055e+01
1.793259985999999984e+01 1.793716995000000125e+01 7.440826500000000010e+01 1.793716995000000125e+01
1.065598145000000052e+01 1.106554142999999968e+01 7.130966035000000147e+01 1.065854326999999913e+01
1.205401935999999985e+01 1.215223268999999995e+01 7.197989968999999633e+01 1.205061062999999955e+01
1.523073270000000079e+01 1.523101529999999926e+01 7.306557958000000497e+01 1.523101529999999926e+01
2.007757656000000068e+01 2.008549779999999885e+01 7.550551317000000040e+01 2.008549779999999885e+01
1.352710742999999916e+01 1.352813987000000040e+01 7.462490067000000238e+01 1.352813987000000040e+01
1.363454838000000002e+01 1.363430931999999984e+01 6.963664710999999841e+01 1.363405327999999983e+01
1.494463091000000077e+01 1.494717656000000083e+01 7.157582225000000165e+01 1.494717656000000083e+01
1.395614815000000064e+01 1.395002264999999930e+01 7.342323188999999672e+01 1.395002264999999930e+01
1.707717906999999968e+01 1.708509305000000111e+01 7.531214622999999619e+01 1.708509305000000111e+01
1.290256072000000032e+01 1.289525695000000027e+01 7.510190267999999492e+01 1.289525695000000027e+01
1.566141249000000002e+01 1.566864995000000071e+01 7.457790418000000443e+01 1.566864995000000071e+01
1.995049814000000055e+01 1.995740685000000170e+01 7.069674430000000598e+01 1.995740685000000170e+01
1.663030398000000076e+01 1.663919304999999937e+01 7.021487829000000147e+01 1.663295513999999997e+01
1.350763818000000072e+01 1.364265538000000078e+01 6.919687084999999627e+01 1.349502984999999988e+01
2.716337378000000058e+01 2.717742272999999997e+01 6.982796835999999985e+01 2.717742272999999997e+01
1.377288695999999923e+01 1.377559289000000042e+01 7.661288365999999428e+01 1.377559289000000042e+01
1.339497405999999913e+01 1.340653423000000011e+01 7.767255000000000109e+01 1.340653423000000011e+01
6.201452112999999855e+01 6.203767633999999731e+01 6.876831862000000228e+01 6.203767633999999731e+01
3.015855709999999967e-01 3.850041089999999944e+00 7.536657255000000077e+01 3.015052040000000266e-01
3.865615219999999908e-01 3.831383622000000155e+00 7.049965199999999754e+01 3.860916649999999728e-01
1.236427119000000019e+00 4.151354386000000396e+00 7.536700111000000391e+01 1.235563517999999972e+00
4.087842286999999963e+00 6.157411626000000027e+00 7.566251228999999512e+01 4.083703804999999853e+00
1.027058532999999940e+01 1.212378539000000011e+01 7.378791841999999690e+01 1.026073876999999968e+01
2.514412705999999886e+00 5.173473904999999817e+00 7.607317063000000701e+01 2.504216996999999889e+00
7.554049689999999817e-01 4.095516632999999906e+00 6.981397248999999761e+01 7.544039350000000255e-01
1.412319587000000043e+00 4.329192840000000153e+00 6.981320175999999833e+01 1.410278957000000055e+00
3.995891509999999869e+00 5.728072717999999952e+00 7.386695491000000402e+01 3.988482011999999965e+00
8.649652589999999863e-01 4.106446968000000197e+00 7.193137631000000454e+01 8.586501720000000448e-01
5.078598701999999854e+00 7.238817408000000064e+00 7.407733577999999852e+01 5.073914817000000355e+00
1.463154195000000080e+01 1.524276584999999962e+01 7.416201230999999439e+01 1.463043155999999989e+01
1.407803179000000071e+01 1.497986835000000028e+01 7.564005036000000359e+01 1.407678527999999929e+01
1.643573685999999867e+01 1.692892472000000126e+01 7.015615359999999612e+01 1.643020810000000154e+01
1.983032062999999923e+01 1.983670856000000171e+01 7.196313901000000612e+01 1.983670856000000171e+01
1.460745937000000083e+01 1.480551555999999991e+01 7.239336923000000468e+01 1.460542322999999953e+01
1.839977760000000018e+01 1.839937560999999988e+01 7.250252650999999560e+01 1.839937560999999988e+01
1.615420637000000070e+01 1.616057930999999925e+01 7.303413487000000259e+01 1.616057930999999925e+01
1.944054076000000109e+01 1.947445211000000143e+01 7.288451473000000647e+01 1.945597177000000144e+01
2.484003016000000130e+01 2.484378085000000169e+01 7.231702011999999513e+01 2.484378085000000169e+01
1.981266503999999884e+01 1.982021267000000009e+01 7.221191853000000549e+01 1.982021267000000009e+01
1.424677907999999960e+01 1.424769784000000072e+01 7.364972577000000342e+01 1.424769784000000072e+01
1.483607985000000085e+01 1.484555968999999997e+01 7.270664772000000653e+01 1.484555968999999997e+01
1.331302522999999915e+01 1.334887289999999993e+01 6.936993259999999850e+01 1.332286694000000082e+01
1.367166287000000047e+01 1.371051169999999964e+01 7.382151394999999638e+01 1.367488827999999934e+01
1.108608377999999917e+01 1.110132291000000038e+01 7.235751381000000038e+01 1.108802305000000032e+01
1.587041364000000065e+01 1.588635561999999979e+01 7.253411264999999730e+01 1.588635561999999979e+01
1.647141872999999990e+01 1.646891919999999843e+01 7.131806742000000554e+01 1.646891919999999843e+01
1.426775562000000086e+01 1.427493615000000027e+01 7.481259434999999769e+01 1.427343875999999945e+01
2.059959794999999971e+01 2.061262321999999969e+01 7.290396318999999892e+01 2.061262321999999969e+01
3.587945254000000261e+01 3.590856241000000182e+01 7.257847979000000294e+01 3.590856241000000182e+01
1.281765893000000034e+01 1.285301184000000063e+01 7.430759888999999419e+01 1.282554606999999969e+01
3.613685602000000330e+01 3.615582441000000102e+01 7.251974198000000627e+01 3.615582441000000102e+01
1.558310718000000072e+01 1.558513877999999941e+01 7.281303058999999678e+01 1.557881317999999915e+01
5.676250914999999964e+01 5.681023229000000185e+01 7.119984829000000559e+01 5.681023229000000185e+01
6.205362089999999853e+01 6.214935369999999892e+01 7.095883281000000409e+01 6.214935369999999892e+01
6.124942398000000310e+01 6.135972989999999783e+01 7.054332531000000017e+01 6.135972989999999783e+01
6.273487623999999840e+01 6.290762543000000306e+01 7.274547182999999961e+01 6.290762543000000306e+01
6.291387706999999807e+01 6.300000000000000000e+01 7.234602103000000284e+01 6.300000000000000000e+01
6.286162988000000240e+01 6.300000000000000000e+01 7.141823528999999837e+01 6.300000000000000000e+01
6.245205049999999858e+01 6.256508497000000091e+01 7.194097028999999566e+01 6.256508497000000091e+01
5.648885286000000150e+01 5.657012146999999658e+01 7.169491329999999607e+01 5.657012146999999658e+01
5.917026599999999803e+01 5.924157454000000200e+01 7.213273377999999525e+01 5.924157454000000200e+01
7.677963071999999833e+00 8.316737032000000696e+00 6.797270018000000391e+01 7.684225062000000328e+00
6.902402900000000230e+00 7.870059263999999999e+00 6.668098566999999832e+01 6.903620906999999640e+00
2.421000484999999980e+00 5.215937733999999715e+00 7.060991131000000109e+01 2.419992167000000194e+00
5.333960460000000126e+00 6.612645646999999904e+00 6.880111906999999860e+01 5.330398042999999753e+00
1.306944990999999945e+01 1.309673186999999928e+01 7.208760983999999894e+01 1.307079112999999992e+01
1.208316373000000077e+01 1.248209409000000036e+01 7.644888688999999715e+01 1.208137855999999921e+01
9.788081253999999731e+00 1.005475090000000016e+01 7.520881074999999782e+01 9.794738805999999798e+00
4.708659192999999910e+00 6.693150837000000131e+00 7.464670499000000348e+01 4.711790687999999783e+00
6.334306250000000027e+00 8.043317429000000018e+00 7.685668148000000599e+01 6.330911687999999593e+00
6.036622526000000377e+00 7.406471973000000375e+00 7.815561925000000087e+01 6.029251863999999905e+00
1.288702274999999986e+01 1.297310260999999976e+01 7.779424262000000567e+01 1.288773710999999977e+01
1.469863156000000082e+01 1.527564334000000024e+01 7.575252005999999483e+01 1.470036608999999928e+01
1.156071069999999956e+01 1.159210146999999935e+01 7.202709788999999319e+01 1.156431461999999932e+01
5.099119230000000336e+00 7.070736991000000415e+00 7.340135564000000556e+01 5.107096771000000146e+00
4.099346792999999600e+00 6.776520919000000198e+00 7.093499685999999826e+01 4.107629071999999937e+00
5.589019039999999494e-01 3.824936300000000067e+00 6.912611622999999383e+01 5.586133479999999540e-01
1.138956921999999983e+00 4.620735604000000052e+00 6.692025979000000291e+01 1.138305745999999896e+00
1.976901586000000099e+00 5.129499133999999572e+00 6.627239452000000597e+01 1.974267693999999906e+00
3.584594516000000120e+00 6.266577522999999594e+00 6.770445157999999708e+01 3.583017132000000160e+00
3.040191419000000117e+00 5.970387127999999599e+00 7.152664475000000266e+01 3.047081943999999876e+00
6.448463770000000039e+00 8.709929293000000072e+00 7.561980834999999956e+01 6.456743918999999998e+00
2.923292721000000149e+00 5.683026259000000024e+00 7.615745513000000244e+01 2.915896935000000134e+00
3.876044111000000125e+00 6.699770527000000087e+00 7.664512197999999898e+01 3.874460966000000006e+00
3.620758044000000009e+00 6.519854135000000106e+00 7.509042915999999934e+01 3.630255723999999962e+00
6.613393968999999650e+00 8.367072469000000012e+00 7.228406710999999518e+01 6.622639300000000340e+00
4.067197003000000421e+00 6.130279110000000031e+00 7.100055072000000678e+01 4.067608027000000348e+00
3.669865571999999965e+00 6.171752924999999834e+00 6.980625833000000569e+01 3.676453954999999940e+00
6.069052032000000096e+00 7.990590607999999762e+00 7.265063544000000206e+01 6.076846027000000205e+00
8.218362775999999315e+00 9.932825639000000706e+00 7.504069101999999702e+01 8.219646693999999698e+00
4.622374973000000331e+00 6.979453592999999678e+00 7.651312428999999327e+01 4.620919912999999823e+00
4.057873142000000044e+00 6.770438117000000311e+00 7.347050745999999322e+01 4.059660406999999971e+00
3.856073869999999904e+00 6.471656657999999673e+00 6.973670404000000644e+01 3.858469422000000204e+00
1.656866635999999948e+00 5.501566573999999932e+00 7.192345229999999390e+01 1.657538648000000059e+00
5.346440001000000386e+00 7.201376604000000015e+00 7.339897252000000094e+01 5.338421984000000009e+00
9.029077435999999679e+00 9.499932076000000336e+00 7.404889948999999660e+01 9.029730472000000674e+00
3.371948838999999865e+00 6.216346430999999839e+00 7.624500170999999682e+01 3.363842962000000103e+00
6.663130522000000333e+00 8.472419902000000391e+00 7.621332592999999633e+01 6.647028406999999639e+00
6.478618316000000377e+00 7.810237491999999726e+00 7.566190727000000038e+01 6.471266052999999907e+00
5.795661176000000303e+00 7.263595278000000377e+00 7.539031470000000468e+01 5.789817380999999763e+00
1.192373637000000031e+01 1.276945025000000022e+01 7.203834639000000095e+01 1.193353570999999924e+01
9.226898520000000659e+00 9.244969977000000227e+00 7.089902562999999702e+01 9.229637644000000307e+00
1.958658862000000056e+01 1.991070056999999949e+01 7.050918864000000497e+01 1.958670275000000061e+01
3.149126117000000136e+01 3.149541037999999915e+01 7.046336281000000668e+01 3.149536838999999944e+01
6.952131092000000123e+00 7.819766731999999720e+00 7.259759151999999460e+01 6.944607672000000065e+00
5.459587459999999837e+00 7.707592241999999594e+00 7.392830929000000140e+01 5.453179416000000224e+00
8.895476895999999911e+00 1.021605736000000064e+01 7.368311610000000655e+01 8.889428497000000817e+00
1.108852141000000024e+01 1.162906500000000065e+01 7.501636704000000577e+01 1.109278149999999918e+01
1.254485586000000019e+01 1.322363426000000075e+01 7.343904121999999290e+01 1.254210559999999930e+01
8.497121774000000016e+00 9.676529848999999572e+00 7.262144893999999340e+01 8.505422965999999363e+00
7.933650246000000017e+00 9.022304730000000106e+00 7.442849626999999657e+01 7.935318831000000017e+00
1.474738290999999979e+00 5.027153925000000356e+00 7.598978076999999587e+01 1.473098679000000022e+00
5.092376831000000159e+00 7.837703593999999718e+00 7.661141157000000135e+01 5.088947887999999864e+00
1.331432968999999966e+00 5.606307571000000323e+00 7.563745323000000553e+01 1.332243893000000012e+00
2.288451005000000205e+00 6.217493492000000010e+00 7.549833983999999987e+01 2.289484414999999995e+00
1.588374385999999916e+00 5.855535598000000341e+00 7.459001000000000658e+01 1.588750721000000032e+00
1.468963698000000040e+00 5.618145162000000248e+00 7.367339398999999389e+01 1.469349653000000089e+00
9.892236890000000171e-01 5.040869801000000372e+00 7.409642940999999894e+01 9.906142620000000232e-01
2.397771726999999853e+00 6.119251097000000250e+00 7.337032304000000238e+01 2.398144086999999924e+00
1.948686746999999997e+01 2.043003420999999875e+01 7.268589226000000281e+01 1.949271140000000102e+01
3.528827279000000150e+00 6.562200783999999842e+00 7.289435591000000159e+01 3.532648825999999964e+00
1.789903626999999942e+00 5.719660947000000384e+00 7.544825706999999682e+01 1.789509118000000010e+00
7.193518819000000342e+00 8.826903834999999532e+00 7.512908036999999695e+01 7.198232783999999995e+00
9.973252608999999325e+00 1.114664538000000071e+01 7.446849052999999685e+01 9.980412175999999747e+00
6.616541774999999959e+00 8.753099969000000868e+00 7.448457876000000510e+01 6.625382162000000186e+00
2.600134329999999938e+00 6.069557104000000258e+00 7.273491821999999729e+01 2.605136127000000190e+00
8.390884203000000596e+00 1.130290079000000070e+01 7.360604530000000523e+01 8.391856483999999838e+00
1.737267890000000037e+00 5.478881274999999995e+00 7.302483282000000031e+01 1.736687341999999967e+00
3.872702507000000072e+00 6.964600587999999703e+00 7.280729361999999583e+01 3.868702411000000119e+00
1.226300511999999898e+00 4.917053401000000434e+00 7.196843266999999855e+01 1.226101566000000087e+00
1.286529314000000035e+00 5.033668054999999697e+00 7.225602471000000548e+01 1.285057718000000015e+00
2.144398503000000122e+00 5.557635868000000201e+00 7.238157923999999355e+01 2.141027633999999846e+00
1.452542529000000027e+00 4.936268934000000108e+00 7.168269895999999619e+01 1.455349092000000066e+00
1.706723017999999925e+00 4.891143991999999940e+00 7.244385714999999948e+01 1.713525551000000036e+00
2.107677219000000157e+00 5.592826220000000070e+00 7.198297454999999445e+01 2.110261262999999943e+00
5.583018351999999851e+00 6.678163868999999586e+00 7.123037571000000412e+01 5.582901455000000013e+00
5.720979383999999612e+00 7.531063825999999573e+00 7.124654318999999703e+01 5.730306759000000305e+00
9.423261906000000465e+00 1.008689468000000033e+01 6.974990841000000330e+01 9.420863436999999507e+00
3.643166551999999836e+00 6.899472802000000016e+00 7.251421349000000305e+01 3.647147739999999860e+00
3.476389929999999850e+00 7.035753580999999812e+00 7.256102375999999765e+01 3.476031045000000042e+00
3.733242859999999830e+00 6.424540444999999877e+00 7.026678230000000269e+01 3.734110938000000157e+00
2.748960418999999877e+00 5.869402056000000201e+00 7.121710090999999920e+01 2.746623473000000093e+00
7.619225020000000015e-01 4.688584582999999917e+00 7.159607547000000238e+01 7.635009870000000198e-01
5.282068119999999700e-01 4.543354373999999751e+00 7.158124121999999545e+01 5.289237230000000123e-01
9.928950149999999919e-01 4.845483560999999995e+00 7.242281984999999622e+01 9.926313490000000517e-01
2.627621045999999794e+00 6.263461237999999653e+00 7.163818082999999604e+01 2.629773605000000014e+00
8.453476439999999537e-01 4.570028394000000382e+00 7.204835624000000394e+01 8.421661280000000138e-01
3.138290394999999844e+00 6.099343054000000208e+00 7.112647407000000044e+01 3.138449757000000062e+00
3.167115723999999854e+00 5.623200456000000180e+00 6.994700754999999504e+01 3.159486010999999817e+00
1.393816624999999920e+00 4.922364496000000145e+00 7.391235204000000181e+01 1.391668007999999901e+00
6.003612633000000365e+00 8.211436272000000258e+00 7.201074384999999722e+01 5.999505794000000058e+00
2.776367792999999917e+00 5.662923823999999939e+00 7.218845903000000419e+01 2.766043760000000074e+00
4.430801847999999765e+00 6.333278335000000148e+00 7.070808476000000553e+01 4.424962580999999950e+00
2.384851208000000167e+00 5.554693267000000212e+00 6.563551420999999664e+01 2.384279697999999836e+00
4.589983904000000337e+00 6.758243520999999809e+00 6.715469369999999572e+01 4.590820447999999665e+00
2.013904950000000138e+00 5.246984459000000101e+00 6.821468314999999905e+01 2.006624930000000084e+00
2.154219793999999855e+00 5.505388486000000192e+00 6.640509747999999490e+01 2.149891059000000215e+00
2.397818804999999998e+00 5.303051155000000350e+00 6.430562089000000014e+01 2.394982746999999801e+00
3.874700056000000004e+00 6.463821198999999851e+00 6.567554343999999844e+01 3.876911710999999983e+00
1.259912714999999928e+01 1.388711604999999949e+01 6.564000618999999404e+01 1.259742218999999963e+01
7.138626630000000084e+00 8.510515831999999392e+00 6.742704915000000199e+01 7.127940861999999989e+00
2.200437212000000198e+00 5.192524471999999669e+00 6.641094072999999298e+01 2.201310991999999800e+00
2.689684342000000061e+00 5.850580957000000026e+00 6.445642766000000279e+01 2.687554738000000221e+00
3.277730823999999821e+00 6.066637079999999571e+00 7.432875685000000487e+01 3.281273361999999860e+00
1.526652925000000049e+00 4.960854276000000063e+00 7.439012413999999751e+01 1.528538398000000020e+00
1.385112448000000107e+00 5.169727280000000036e+00 7.342437037999999916e+01 1.381877111000000102e+00
1.739101232000000108e+00 5.130361918000000188e+00 7.286233491000000129e+01 1.731735094999999891e+00
1.770732895000000084e+00 4.932295037000000271e+00 7.327648802999999589e+01 1.758199545000000086e+00
1.783747844999999943e+00 5.031769086999999807e+00 7.233952856999999881e+01 1.773843261999999976e+00
3.222329483999999855e+00 5.525215929999999886e+00 7.083748527999999567e+01 3.204594822999999870e+00
3.710003844000000051e+00 5.772457958999999583e+00 7.046620461000000546e+01 3.700527859999999780e+00
1.684221077999999983e+00 4.981421261000000378e+00 7.155086371000000156e+01 1.671810352000000055e+00
2.224817058999999819e+00 5.296066771999999645e+00 7.206597098999999673e+01 2.213589782000000117e+00
3.153512677000000153e+00 6.018692460999999660e+00 7.037281853999999726e+01 3.142550790000000038e+00
1.910956019999999977e+00 5.202833659999999583e+00 7.056206204000000071e+01 1.900616633999999916e+00
3.298040504999999900e+00 5.683134830000000193e+00 6.804117974999999774e+01 3.287417629000000119e+00
3.215012231999999859e+00 5.798849398999999849e+00 6.636178074000000038e+01 3.202413893000000122e+00
3.495130785999999823e+00 6.039457216999999822e+00 6.910733804999999563e+01 3.483747940999999848e+00
5.381342771999999997e+00 7.258153178999999788e+00 7.108438556999999491e+01 5.374789285000000305e+00
3.503967215999999940e+00 5.695664240000000156e+00 7.103611682000000371e+01 3.491834375999999907e+00
2.790198350999999910e+00 5.296316152000000166e+00 7.100863450999999316e+01 2.768229573000000165e+00
5.624283268000000113e+00 7.178629388000000056e+00 6.964223766000000637e+01 5.614973048000000411e+00
4.980581950999999563e+00 6.898362374000000408e+00 6.817408706000000507e+01 4.969497837999999668e+00
3.771948060000000158e+00 5.872414706999999900e+00 6.620051069999999527e+01 3.765564957000000046e+00
5.560032070000000104e+00 7.787217308999999865e+00 6.417195139999999753e+01 5.547766280000000272e+00
1.325382550000000048e+00 4.759649493999999592e+00 6.596457067000000052e+01 1.328893297000000029e+00
4.742633580999999765e+00 7.446122872000000115e+00 6.781208014000000617e+01 4.745708850999999839e+00
5.532257520000000151e-01 4.602281625999999903e+00 6.401200235000000305e+01 5.536908200000000280e-01
2.113600645000000000e+00 6.079971347999999942e+00 6.489569398000000433e+01 2.118119540999999995e+00
1.085398126999999935e+00 4.967151380999999866e+00 6.341879405000000247e+01 1.084970476999999933e+00
1.864684879999999989e+00 5.099099013000000014e+00 6.476737294000000134e+01 1.864380292000000106e+00
5.328114923000000225e+00 7.197833937999999598e+00 6.596969518999999593e+01 5.322733621000000248e+00
9.513169862999999893e+00 1.103202669999999941e+01 6.763922562999999855e+01 9.509792385000000792e+00
2.008434191000000091e+00 5.293529180000000167e+00 6.864948060000000396e+01 2.004611591999999831e+00
1.853383167000000054e+00 4.979678515999999888e+00 6.890490114000000688e+01 1.850397281000000005e+00
1.089154879999999936e+00 4.558505573999999783e+00 6.451049917999999650e+01 1.090051357999999970e+00
2.015217658000000078e+00 5.397427395000000239e+00 6.484094670999999721e+01 2.013989163000000193e+00
1.788029239000000103e+00 5.077510972999999872e+00 6.445280780999999592e+01 1.792088322999999983e+00
2.716141631999999806e+00 5.813318609000000414e+00 6.638079543999999999e+01 2.709815153000000088e+00
8.964908369999999849e-01 4.725882061000000078e+00 6.557119170999999369e+01 8.992866330000000019e-01
3.126170220000000222e-01 4.401637316999999605e+00 6.247931026999999915e+01 3.119192570000000053e-01
3.733987427000000192e+00 5.821260383000000260e+00 6.752863496999999882e+01 3.722931518999999856e+00
9.226867600000000502e-01 4.599546383999999932e+00 6.612817406000000631e+01 9.215316869999999883e-01
2.045898100000000108e-01 3.827837257000000104e+00 7.269392591999999809e+01 2.040128429999999993e-01
1.610306401999999970e+00 4.394116827000000391e+00 6.973644919000000186e+01 1.603382289000000016e+00
4.622524192000000198e+00 6.292234679999999969e+00 7.149533802999999921e+01 4.620146420000000198e+00
4.214406677999999573e+00 6.406563904000000420e+00 6.721786276999999643e+01 4.215624930999999798e+00
6.622844399999999743e-02 3.697568339000000037e+00 7.189345661999999493e+01 6.667803499999999661e-02
1.524093760000000131e-01 3.819094436999999953e+00 7.123337089999999705e+01 1.515129679999999979e-01
1.442296199999999924e-02 3.680213466000000100e+00 6.880574939000000256e+01 1.416929200000000000e-02
1.139431059000000079e+00 4.518212894000000368e+00 6.823557839999999430e+01 1.140077849000000088e+00
2.777890100000000168e-02 3.594803241999999788e+00 5.888474352000000067e+01 2.741510399999999917e-02
4.037963700000000294e-02 3.529845797000000118e+00 5.891878858999999835e+01 4.036264600000000202e-02
9.352510499999999727e-02 3.658373190999999913e+00 6.304877619999999894e+01 9.367877199999999349e-02
0.000000000000000000e+00 3.570264878999999780e+00 6.026565023999999937e+01 0.000000000000000000e+00
6.579922550000000259e-01 3.890816962000000157e+00 6.889544915999999830e+01 6.589317279999999943e-01
9.642951299999999448e-02 3.608692764999999802e+00 6.592961825999999803e+01 9.760510000000000019e-02
1.832199429999999962e-01 3.636910991000000148e+00 5.931567514000000330e+01 1.819560309999999903e-01
0.000000000000000000e+00 3.698778444999999859e+00 6.199773067000000282e+01 0.000000000000000000e+00
0.000000000000000000e+00 3.675464857000000141e+00 6.622521027000000515e+01 0.000000000000000000e+00
1.183524799999999960e-02 3.530823988999999941e+00 6.604706242999999688e+01 1.193448400000000041e-02
3.691219040000000007e-01 3.855726295999999831e+00 6.920748706000000539e+01 3.705543800000000165e-01
0.000000000000000000e+00 3.569449284000000056e+00 7.093750396000000080e+01 0.000000000000000000e+00
1.276682839999999930e-01 3.747917326000000049e+00 6.378624994999999842e+01 1.278248559999999867e-01
5.149086520000000222e-01 4.171042572000000170e+00 6.787785189999999602e+01 5.121645929999999458e-01
2.812445900000000165e-01 4.037846208000000381e+00 6.726168490999999960e+01 2.797114789999999851e-01
3.739038869999999903e-01 4.059690778000000222e+00 6.828117122000000450e+01 3.745425199999999899e-01
5.957391154999999827e+00 8.883845694999999765e+00 6.478163707000000215e+01 5.960826742000000067e+00
8.925055499999999531e-02 4.116870900000000333e+00 6.436242221000000541e+01 8.887037999999999882e-02
7.218835999999999309e-02 3.602233711999999866e+00 6.551478086999999562e+01 7.288143699999999336e-02
1.180424350000000011e-01 3.895564529000000054e+00 6.426755063999999606e+01 1.186592370000000007e-01
9.658600400000000308e-02 3.859770162999999865e+00 6.290615882000000170e+01 9.669570299999999397e-02
1.303265075999999967e+00 4.841191554999999980e+00 6.431823339999999689e+01 1.303117754999999933e+00
2.188354269999999990e-01 4.471019576999999856e+00 6.459231379000000572e+01 2.190440539999999880e-01
5.384177100000000493e-01 5.234618545000000012e+00 6.380881617000000006e+01 5.376565479999999564e-01
4.119482749999999749e-01 4.249927882999999795e+00 6.490909288999999660e+01 4.112941960000000008e-01
2.739027359999999800e-01 4.300239115000000112e+00 6.554315144000000259e+01 2.743584860000000125e-01
2.949136102000000204e+00 5.457458654999999936e+00 6.446022028999999520e+01 2.952135816999999829e+00
3.104280554999999886e+00 5.921855513999999765e+00 6.451090483000000120e+01 3.109301139999999908e+00
1.268064344999999982e+00 4.429562444000000099e+00 6.845745307999999341e+01 1.264869586000000101e+00
8.366986526999999896e+00 9.970432805999999815e+00 6.354325907999999856e+01 8.365107133000000417e+00
6.289335499999999801e-02 4.610689072999999638e+00 6.261152418999999725e+01 6.295010500000000619e-02
1.487898940000000059e-01 4.669802449999999716e+00 6.425409568999999976e+01 1.487901329999999911e-01
5.428609200000000107e-02 4.080594686000000415e+00 6.289214179999999743e+01 5.453209600000000212e-02
5.959660970000000280e-01 4.436158932999999749e+00 6.432639561999999955e+01 5.941972599999999494e-01
8.868043909999999697e-01 5.005648284000000281e+00 6.317123904999999695e+01 8.873892869999999711e-01
1.077988009999999997e-01 4.349673015999999670e+00 6.241438856999999985e+01 1.080645550000000066e-01
1.931924309999999978e-01 4.596960967000000231e+00 6.211721984999999790e+01 1.951520190000000099e-01
1.096703059999999952e-01 4.422579162999999980e+00 6.288346659999999844e+01 1.098738560000000059e-01
8.925803100000000156e-02 5.060815120000000000e+00 6.183957688000000275e+01 8.875631999999999966e-02
5.757206000000000129e-02 5.147009377999999913e+00 6.231220268999999945e+01 5.699795099999999809e-02
9.141890330000000731e+00 1.035725266999999938e+01 6.337553010999999969e+01 9.147335406999999918e+00
4.613458525999999615e+00 6.940276341999999765e+00 6.445458388999999499e+01 4.614548654000000028e+00
2.035725958000000002e+00 5.556695043999999584e+00 6.231803588999999732e+01 2.040746218999999861e+00
3.327697799000000067e+00 6.428222523999999716e+00 6.209409807000000114e+01 3.329202306000000000e+00
4.304213840000000180e-01 4.619820949000000176e+00 6.584303538000000344e+01 4.327047299999999819e-01
6.658226459999999625e-01 5.852805369999999563e+00 6.584614883999999790e+01 6.653110509999999866e-01
4.741197950000000105e-01 4.453222387000000282e+00 6.740243209999999863e+01 4.754315780000000213e-01
4.549603939999999902e-01 4.925228673000000335e+00 6.452391443999999865e+01 4.544292699999999963e-01
2.275604410000000133e+00 6.516877844999999780e+00 6.141400866000000036e+01 2.279544508999999941e+00
3.284391815999999853e+00 6.982304257000000014e+00 6.106371917999999965e+01 3.282233349000000189e+00
1.607357834999999957e+00 5.150463441000000309e+00 6.189496652999999782e+01 1.607779724000000021e+00
1.661926287000000002e+00 5.218161670999999835e+00 7.105133114999999577e+01 1.664421082999999912e+00
8.992350239999999939e-01 4.604871937000000415e+00 7.021245079999999916e+01 9.052892160000000077e-01
3.495075248000000023e+00 6.070103449000000317e+00 6.861052804999999921e+01 3.505498251000000121e+00
1.449222293000000050e+00 4.933870613999999932e+00 7.034349317999999585e+01 1.454040819999999901e+00
1.834944546000000010e+00 5.094420357999999815e+00 6.856055496000000460e+01 1.841856865000000010e+00
3.118464469000000072e+00 5.597483878000000246e+00 6.759394690000000594e+01 3.105883534000000168e+00
2.556656036000000132e+00 5.262850410999999617e+00 7.076149044000000288e+01 2.545366071000000119e+00
7.603060489999999838e-01 4.477724430000000311e+00 7.029934359000000654e+01 7.568311680000000541e-01
3.779339879999999985e-01 4.154443889000000389e+00 6.455561106999999765e+01 3.761575520000000061e-01
7.732396267999999573e+00 9.638301515000000208e+00 6.620346919000000696e+01 7.737480591999999824e+00
9.845642224000000553e+00 1.124049416000000079e+01 6.755514716999999791e+01 9.841971379000000297e+00
6.451688097999999982e+00 7.796406565999999927e+00 6.761541732000000593e+01 6.441032898999999645e+00
2.993227335999999905e+00 5.538254595999999808e+00 6.855343632999999670e+01 2.982946692000000066e+00
4.712512562999999766e+00 6.603368133000000029e+00 6.904757247000000575e+01 4.701600293000000264e+00
7.192858189999999929e-01 4.513274653999999941e+00 6.569788884999999823e+01 7.187459980000000526e-01
6.270267440000000247e-01 4.609805469000000322e+00 6.501214231999999527e+01 6.267694259999999629e-01
2.187328099000000137e+00 5.344046462999999747e+00 6.628441073000000472e+01 2.185992672999999886e+00
1.291021822999999902e+00 4.912143215999999590e+00 6.141430881000000142e+01 1.287119711999999971e+00
1.101529427000000005e+00 4.957306434999999567e+00 6.292595543000000191e+01 1.101662931999999984e+00
2.573516805000000129e+00 5.743885930000000251e+00 6.873039704999999344e+01 2.593659397999999783e+00
2.863181103000000061e+00 6.178504328999999906e+00 6.903221034000000600e+01 2.870590829999999816e+00
5.257156325000000407e+00 7.744573134000000358e+00 6.810631537999999807e+01 5.266642440000000036e+00
1.250529159999999962e+01 1.463641523999999983e+01 6.605884589000000062e+01 1.251222225999999971e+01
2.243656860999999836e+00 5.374189366000000412e+00 7.071287875000000156e+01 2.252065089999999881e+00
4.178168119999999819e-01 4.618919217000000188e+00 7.007125940999999614e+01 4.207190439999999865e-01
2.638335908000000174e+00 5.662608107999999696e+00 7.134120647999999676e+01 2.639492807999999968e+00
2.288709563999999919e+00 5.202992805000000054e+00 7.155704427000000578e+01 2.282215322999999962e+00
6.388353620000000177e+00 8.194211278999999237e+00 6.995387972999999704e+01 6.386718225000000082e+00
5.805882106000000320e+00 7.208067133000000126e+00 6.816802405999999337e+01 5.801659006000000396e+00
5.435458420999999873e+00 6.750553560000000175e+00 6.870889348999999413e+01 5.439579056000000357e+00
8.071049329999999244e+00 8.245806244000000618e+00 7.019032660999999962e+01 8.069666598999999607e+00
6.696112749000000086e+00 7.806887635999999908e+00 6.937392368000000431e+01 6.703384015000000140e+00
4.707666910000000371e+00 7.040916635000000312e+00 7.188703725000000588e+01 4.714074811999999781e+00
6.899118836999999616e+00 9.064955161000000317e+00 6.623017792999999642e+01 6.904282650999999937e+00
6.923534811999999761e+00 8.749563176000000553e+00 6.279439784000000202e+01 6.935348678999999628e+00
1.247915871000000010e+01 1.395460641999999929e+01 5.863283092000000352e+01 1.249475557999999964e+01
9.634434540999999186e+00 1.104901588000000068e+01 6.049400943999999924e+01 9.643460865999999854e+00
1.030729973000000044e+01 1.185838000000000036e+01 5.773598717000000136e+01 1.031047043999999957e+01
1.364277874999999973e+01 1.438455111000000031e+01 5.703616652000000187e+01 1.365200025999999944e+01
4.558319112000000395e+00 7.704589589000000238e+00 5.630882743000000090e+01 4.567292695999999985e+00
2.551535798999999827e+00 6.456357685000000401e+00 5.683364015000000080e+01 2.551393973999999787e+00
2.217426895999999914e+01 2.224184100000000086e+01 5.531262811999999940e+01 2.219001792999999978e+01
6.297672577000000160e+01 6.300000000000000000e+01 5.629854442999999975e+01 6.300000000000000000e+01
9.902685462999999189e+00 1.159109085000000050e+01 5.710087569000000229e+01 9.906960681999999352e+00
4.505601580999999634e+00 7.558473301000000255e+00 5.365366611999999691e+01 4.507744063999999717e+00
8.839916748000000268e+00 1.020754709999999932e+01 5.336548761000000241e+01 8.839815659999999298e+00
3.101013919999999757e-01 4.027422834000000229e+00 6.265562470999999789e+01 3.088816369999999867e-01
5.660927390000000115e-01 4.427016955000000031e+00 6.471091291999999839e+01 5.655439549999999871e-01
2.615575048000000180e+00 6.463317669000000265e+00 6.439279845000000080e+01 2.611093201000000086e+00
1.196300071000000020e+00 5.090972338000000263e+00 6.016552346000000284e+01 1.196395005000000067e+00
2.957386188000000082e+00 6.661320003000000156e+00 5.994589064000000178e+01 2.957518722000000100e+00
1.808813865999999937e+00 5.645379604999999579e+00 6.505105460999999423e+01 1.805044147000000043e+00
2.288163180999999824e+00 5.794991368999999892e+00 6.903129665000000159e+01 2.290617531000000096e+00
1.419493013999999942e+00 5.307882172000000232e+00 6.724590003999999510e+01 1.419132934000000068e+00
1.645597826999999924e+01 1.795971309999999832e+01 5.819080859999999689e+01 1.645732469000000009e+01
8.904677889000000235e+00 1.148303199000000063e+01 6.043975867999999707e+01 8.904001637000000358e+00
1.461759503999999987e+00 5.420719481999999978e+00 5.990665178999999796e+01 1.456197482999999959e+00
5.303239426000000201e+00 8.802490890999999706e+00 5.595748297000000093e+01 5.305879306999999656e+00
9.526448180000000043e-01 4.430251136999999950e+00 6.220639139000000029e+01 9.515938250000000043e-01
4.618528949999999855e-01 4.299179507999999927e+00 6.125455714999999657e+01 4.617656299999999825e-01
3.388176381000000070e+00 6.978922176000000199e+00 6.327040044000000307e+01 3.389535750999999930e+00
1.215566266999999989e+01 1.368356516000000056e+01 6.201164539999999903e+01 1.215728793000000074e+01
6.540015190000000311e-01 4.870637590000000294e+00 6.174034446000000287e+01 6.533368670000000433e-01
1.714443992999999944e+00 5.846615759999999717e+00 5.938063371999999873e+01 1.714977245000000039e+00
5.192056776000000262e+00 8.279203194999999127e+00 6.022194446999999684e+01 5.192033948999999815e+00
3.070985920000000036e-01 4.111643114999999682e+00 5.802094921999999855e+01 3.067929309999999909e-01
2.331847159999999863e-01 4.252660176000000014e+00 5.714544295999999690e+01 2.336165470000000077e-01
1.427448749999999933e-01 3.807289578999999868e+00 5.418107785000000121e+01 1.422067120000000129e-01
1.638199453999999999e+00 5.848424604999999943e+00 5.915064744000000019e+01 1.639004727999999966e+00
5.614478358000000391e+00 8.575580354999999599e+00 5.884561870000000283e+01 5.614067215999999583e+00
2.155069714000000136e+00 5.194705340999999699e+00 6.054010678000000212e+01 2.164387935999999790e+00
9.088696138999999619e+00 1.086914001000000063e+01 5.465461098000000106e+01 9.092974271999999303e+00
2.651403444000000054e+00 6.200772240000000046e+00 5.542674010999999723e+01 2.653359951000000105e+00
6.931576720000000025e-01 4.441438624999999973e+00 5.585851964999999808e+01 6.918761650000000429e-01
3.107899660999999814e+00 6.710157047000000041e+00 5.589068781000000286e+01 3.107524333000000194e+00
2.794010565999999862e+00 6.297648472999999747e+00 5.722647166000000141e+01 2.792627280000000045e+00
7.463733909999999971e-01 4.997328505999999670e+00 5.611767428000000280e+01 7.474248460000000316e-01
4.786328822999999844e+00 7.041826133999999904e+00 5.395889384000000177e+01 4.789701085999999997e+00
3.826064800000000155e+00 6.016308533000000125e+00 5.518433055999999937e+01 3.828792647999999854e+00
4.928225338999999927e+00 6.028705022999999663e+00 5.665434855000000169e+01 4.940202525000000122e+00
9.484135874999999771e+00 9.980803839000000011e+00 5.841687492999999876e+01 9.485569351000000538e+00
8.797051906000000088e+00 9.803705353999999872e+00 5.721755480000000205e+01 8.809912352999999641e+00
1.038795153999999954e+01 1.072194810000000054e+01 5.507616120000000137e+01 1.040189460000000032e+01
4.801998461000000162e+00 6.646639375000000349e+00 5.708012695000000036e+01 4.814308283999999993e+00
5.835142617999999892e+00 8.471791017999999340e+00 5.616850185999999923e+01 5.836852089999999826e+00
2.047137202000000045e+00 4.782427826000000159e+00 5.543807272000000097e+01 2.057284749999999995e+00
1.007320761999999981e+01 1.086651063999999955e+01 5.649620654999999658e+01 1.008418087999999990e+01
4.260705714000000199e+00 5.884422011999999924e+00 5.911843405999999845e+01 4.271798764999999776e+00
2.782601645000000179e+00 5.358012285000000041e+00 5.518943955000000301e+01 2.790193099000000121e+00
5.737165939999999686e-01 4.405686891000000216e+00 6.022352879999999686e+01 5.775777180000000177e-01
1.566514970000000007e-01 5.066127400000000058e+00 5.711955291000000301e+01 1.563783930000000044e-01
2.188091759999999941e-01 4.428296102000000012e+00 5.723516917999999976e+01 2.194311939999999961e-01
1.379110708000000018e+00 4.634740508000000148e+00 5.652528643000000130e+01 1.382404570000000055e+00
1.731166038000000018e+00 5.046749208999999681e+00 6.304410588999999732e+01 1.734515953000000055e+00
5.842221340000000041e-01 4.895252078000000395e+00 6.650999265000000094e+01 5.839112810000000042e-01
9.702472119999999700e-01 5.260724223999999616e+00 6.294175888000000185e+01 9.733256099999999522e-01
1.035212959999999960e+00 5.166916840999999927e+00 6.078891538999999966e+01 1.036019962999999988e+00
3.745280249999999866e-01 4.465904226000000143e+00 6.561431684000000075e+01 3.737354440000000277e-01
1.269803148999999909e+00 4.985618269999999796e+00 6.768028046999999958e+01 1.270514185999999990e+00
5.244440820000000336e-01 5.083915754999999592e+00 6.751553490999999951e+01 5.245181020000000416e-01
1.508091990999999910e+00 4.711057893999999635e+00 6.225486175999999716e+01 1.512552327000000085e+00
1.268058793000000017e+00 4.601582854000000111e+00 5.914897083000000322e+01 1.267492913999999971e+00
4.888366710000000004e-01 4.181753387999999738e+00 5.682339895999999868e+01 4.885336510000000132e-01
6.502899196999999631e+00 8.512347688000000190e+00 5.799372500999999858e+01 6.505512583999999876e+00
5.223366782000000264e+00 7.839981583000000143e+00 5.953782092000000148e+01 5.229013184000000258e+00
1.107818499000000045e+01 1.110339680999999956e+01 6.069632770999999849e+01 1.108358948000000055e+01
7.387840622999999773e+00 8.654538382000000141e+00 6.101579188000000187e+01 7.395282518000000138e+00
5.134570496000000261e+00 6.876140544000000077e+00 6.268418032999999667e+01 5.136526019999999804e+00
4.289456545000000176e+00 6.657893897000000116e+00 6.398386674000000340e+01 4.283438385000000181e+00
9.351086431000000587e+00 1.003623815999999991e+01 6.373949703000000255e+01 9.350777777999999429e+00
7.305041350999999850e+00 9.380787019999999643e+00 6.517305779000000143e+01 7.304751294999999978e+00
4.423364120999999649e+00 6.178153584000000365e+00 6.554290810999999906e+01 4.425253152999999884e+00
3.367075268999999871e+00 5.886930259999999748e+00 6.662218147000000101e+01 3.361854312999999816e+00
1.250531987000000012e+00 5.198614041999999991e+00 6.461994502999999668e+01 1.247688563999999944e+00
9.564884759999999764e-01 4.960085270999999629e+00 6.422035529000000054e+01 9.563838810000000468e-01
1.182611799999999935e-01 4.261384515999999678e+00 6.227989096999999674e+01 1.179833670000000057e-01
6.057639759999999818e-01 4.741505608999999843e+00 6.544762835999999595e+01 6.062615930000000430e-01
1.335789450000000045e-01 5.080302918000000112e+00 6.740930928000000222e+01 1.339986870000000052e-01
1.012908118999999996e+00 4.240810986999999699e+00 7.807069011999999475e+01 1.013464190000000098e+00
3.109532900000000044e+00 6.113809208000000162e+00 7.524785172999999361e+01 3.110716179000000192e+00
2.385970786000000121e+00 5.925812005000000049e+00 7.359389206999999544e+01 2.387089448999999863e+00
4.868755121999999602e+00 7.639965205000000203e+00 7.450131145000000288e+01 4.869421561000000231e+00
4.490692250999999580e+00 6.864951076999999735e+00 7.308213947000000132e+01 4.487812271000000131e+00
1.080153227999999910e+00 4.632164056999999779e+00 7.540761200999999403e+01 1.081196534999999903e+00
3.565894903999999865e+00 5.953282527999999907e+00 7.339895724999999516e+01 3.560887387999999820e+00
2.211001185999999841e+00 5.243788971999999937e+00 7.068401004000000398e+01 2.209629682000000095e+00
1.222021377999999991e+00 4.348971277000000413e+00 6.999217319999999631e+01 1.229194804000000030e+00
3.587277122999999790e+00 6.184827110999999711e+00 7.139660141000000237e+01 3.585953382000000023e+00
3.084586687999999910e+00 5.349120689000000262e+00 7.072733533000000250e+01 3.088596713999999910e+00
5.294407060000000165e+00 6.740925188000000290e+00 7.063623124000000075e+01 5.301761512999999759e+00
4.970784427999999977e+00 6.419737972000000070e+00 7.061100933999999540e+01 4.976784603999999668e+00
1.454614968000000008e+00 4.446708562000000420e+00 6.567880698999999822e+01 1.462773950999999961e+00
3.568697441999999942e+00 6.152829589000000432e+00 7.390403530999999759e+01 3.570755323000000203e+00
2.392591309999999805e+00 5.889568021999999736e+00 7.398948794999999734e+01 2.392777594000000008e+00
2.275746319000000017e+00 6.459048293999999579e+00 7.169272924999999930e+01 2.278287988999999847e+00
3.479556957999999867e+00 7.997674430000000001e+00 7.276734885999999847e+01 3.480266835000000114e+00
1.636279628000000042e+00 5.748305938999999753e+00 7.355150849000000335e+01 1.636337866999999946e+00
2.302601629999999844e+00 6.310925614000000294e+00 7.200312325999999530e+01 2.305088688000000108e+00
2.142125564000000093e+00 6.189047486999999848e+00 7.023664478000000599e+01 2.142710399999999904e+00
1.110790247999999991e+01 1.396098392999999938e+01 7.181486524000000315e+01 1.111534087000000071e+01
1.341445648000000102e+00 5.265519434999999859e+00 7.248061441000000116e+01 1.343600034999999915e+00
1.476684595000000044e+00 4.962225324000000271e+00 6.712623494000000335e+01 1.477337201999999960e+00
2.301210977000000213e+00 5.873181610999999691e+00 7.355126194000000339e+01 2.300023522000000042e+00
1.405565465000000014e+00 5.312102670999999887e+00 7.330414412000000368e+01 1.406279821999999902e+00
1.124551136000000007e+01 1.380880523000000082e+01 7.329428860000000157e+01 1.124553142999999977e+01
3.327282238000000003e+00 6.788019530999999773e+00 7.236962637000000598e+01 3.326098265999999803e+00
2.516184613000000070e+00 5.652032389999999573e+00 7.372068246000000613e+01 2.515454086000000089e+00
1.526444681000000081e+00 4.652803976999999591e+00 7.287630656000000329e+01 1.530538624999999930e+00
2.919916935999999907e+00 6.903715769999999807e+00 7.024566950000000531e+01 2.923100642000000082e+00
3.753378055999999852e+00 6.907843933999999742e+00 7.187807397999999637e+01 3.754862802999999971e+00
4.612378947999999923e+00 6.125764893999999572e+00 6.743444098999999881e+01 4.634179411999999942e+00
7.999122831000000211e+00 9.034482988000000603e+00 6.753953697000000034e+01 8.013757533999999794e+00
5.872234892999999900e+00 7.096522138000000091e+00 7.248028137000000015e+01 5.877568462000000160e+00
4.000105350000000004e-01 3.754662789999999806e+00 6.514887176999999951e+01 4.043539270000000019e-01
9.254649689999999707e-01 4.093117459000000125e+00 6.400151307000000145e+01 9.351756070000000198e-01
2.135131782000000200e+00 4.885115350000000412e+00 7.241199828999999966e+01 2.140581067999999920e+00
1.791845383999999930e+00 4.725034220999999590e+00 6.801708888999999658e+01 1.805516979999999938e+00
1.816993537999999964e+00 4.935653788999999847e+00 6.335067284000000143e+01 1.821992422999999972e+00
2.465016050000000014e+00 6.072054016000000054e+00 7.661432438999999306e+01 2.464608724000000084e+00
1.138359343000000079e+00 5.073780668999999577e+00 7.460148574999999482e+01 1.138813999999999993e+00
1.771935862000000084e+00 4.729523031000000266e+00 6.604723294999999439e+01 1.781082566000000034e+00
3.517782186999999894e+00 5.846900556999999665e+00 6.347731859000000298e+01 3.527138669000000171e+00
2.236827079000000218e+00 4.731459752000000130e+00 6.835323515999999699e+01 2.249095328000000116e+00
4.613766122000000358e+00 7.367026858000000011e+00 6.529817314000000295e+01 4.615794572000000429e+00
1.155471482000000050e+00 5.125517044000000411e+00 7.032170327999999415e+01 1.157923413000000012e+00
6.841651100000000207e-01 4.494167926000000257e+00 7.028543259999999293e+01 6.820564089999999746e-01
1.529529649999999963e+00 5.072882246999999900e+00 7.044197108999999557e+01 1.533752819999999906e+00
1.774780019000000042e+00 5.102005701999999587e+00 7.039324385000000461e+01 1.775681448000000051e+00
2.224036306999999990e+00 5.113728563999999643e+00 7.068699569999999710e+01 2.222740524999999856e+00
4.819521019999999822e+00 6.566423681999999928e+00 6.641470341999999505e+01 4.820741392999999597e+00
3.340133836000000134e+00 5.871029069000000433e+00 6.697277884000000370e+01 3.330747322000000121e+00
9.856754370999999182e+00 1.018157923000000054e+01 6.782590668999999650e+01 9.859650518000000474e+00
4.946380030000000261e+00 6.645048141000000186e+00 7.045312135000000353e+01 4.947342992000000272e+00
1.886654457999999934e+01 1.887258445000000151e+01 6.926485872000000654e+01 1.887258445000000151e+01
9.619672766000000763e+00 1.094902609999999932e+01 6.652581252999999606e+01 9.618116944000000501e+00
4.683940381000000208e+00 6.256343267000000097e+00 6.605753572000000418e+01 4.678715511000000049e+00
8.331931489000000468e+00 8.643013725999999508e+00 6.785055509000000029e+01 8.331642410000000609e+00
7.644830684999999626e+00 8.159738172000000844e+00 7.030831818999999427e+01 7.641563779000000167e+00
6.639812391000000424e+00 7.296808064000000371e+00 7.236334266999999443e+01 6.623250274000000104e+00
6.911079304000000256e+00 7.487809352000000196e+00 7.114011594999999488e+01 6.912232784000000407e+00
6.269050909999999810e+00 6.641420680000000409e+00 6.901043335999999329e+01 6.277291025000000246e+00
7.108553845000000315e+00 7.703842599999999763e+00 6.778834184000000107e+01 7.112205889000000170e+00
1.027451959999999964e+01 1.086006064999999943e+01 6.986824153999999965e+01 1.028274936000000039e+01
8.399412655000000782e+00 9.046472124999999309e+00 7.106806337999999812e+01 8.409088233000000301e+00
5.553607644000000398e+00 7.035185564999999919e+00 7.110718038000000263e+01 5.551772010999999729e+00
4.283465464999999917e+00 6.303843292999999903e+00 7.028712090000000501e+01 4.290397536000000400e+00
7.937751224000000327e+00 9.743478150999999698e+00 7.009820295000000101e+01 7.937996477000000439e+00
2.492111898000000103e+00 5.388006381000000289e+00 7.253560570999999868e+01 2.486869895999999969e+00
1.179152005999999986e+01 1.234068852000000049e+01 7.221243400999999551e+01 1.179273507000000087e+01
4.131937600000000210e-01 4.197427489999999928e+00 7.161543718999999442e+01 4.135578320000000141e-01
8.506467094999999645e+00 9.020740124999999665e+00 7.659842641000000185e+01 8.507562693000000564e+00
9.450738499999999931e+00 1.071878225000000029e+01 7.659677585000000022e+01 9.459114423999999133e+00
1.623621792999999869e+01 1.667915972999999852e+01 7.537193204000000435e+01 1.624574240999999830e+01
4.726647906000000177e+00 6.583088108000000105e+00 7.264135969999999531e+01 4.729893060000000204e+00
2.380715900999999945e+01 2.395750658000000044e+01 7.358841089000000579e+01 2.385566285999999891e+01
5.181398924999999878e+01 5.179981178999999969e+01 7.561964240000000359e+01 5.179981178999999969e+01
2.226819804000000147e+01 2.230658529999999828e+01 7.737660479000000180e+01 2.226185896000000142e+01
3.119525454000000142e+00 5.591049041999999858e+00 6.729480467999999860e+01 3.120597894999999955e+00
3.227337476999999843e+00 5.758397426000000152e+00 6.438373061000000064e+01 3.228185877000000037e+00
4.351786781999999576e+00 6.197134526000000143e+00 6.703028847000000212e+01 4.358785530999999658e+00
4.497276796999999604e+00 5.821990361000000114e+00 7.055671474999999759e+01 4.512084545999999641e+00
6.239935894000000260e+00 6.954465755000000193e+00 6.776406591999999307e+01 6.248908847000000044e+00
4.328373241000000426e+00 5.646865372999999799e+00 6.588467855999999756e+01 4.336468192999999971e+00
4.816430728000000272e+00 6.265839652000000370e+00 6.885473149999999976e+01 4.824838409999999911e+00
5.176722804999999816e+00 6.489757179999999792e+00 6.795304950999999960e+01 5.186104773000000279e+00
8.235827315999999954e+00 9.545814462999999250e+00 6.881691379000000097e+01 8.249949360000000453e+00
5.027368992999999620e+00 6.423173616999999780e+00 6.840558498000000043e+01 5.022878945000000428e+00
3.259954886000000052e+00 5.883603061999999717e+00 6.764433626999999660e+01 3.253774630000000112e+00
7.128565959999999535e-01 5.230145863999999811e+00 6.746395646999999940e+01 7.110581320000000094e-01
4.636200189000000194e+00 6.774112202999999610e+00 6.646072134000000631e+01 4.634963239000000179e+00
5.068315132000000389e+00 6.191811530999999924e+00 6.579949627999999962e+01 5.077998061999999813e+00
4.651567589999999974e+00 6.055936749999999869e+00 6.340050833000000097e+01 4.668876894000000277e+00
4.280251081000000291e+00 5.741049967000000365e+00 6.673441275000000417e+01 4.294777808000000086e+00
5.854606941000000120e+00 6.559158188999999695e+00 6.681520215999999834e+01 5.857238217999999996e+00
4.606368239000000031e+00 5.765394812000000258e+00 6.849909839999999406e+01 4.627460385000000009e+00
5.321934272000000021e+00 6.908809545000000440e+00 6.597668670999999563e+01 5.331841341999999706e+00
6.572227096999999851e+00 7.912287731000000157e+00 6.689140412999999796e+01 6.578778320999999707e+00
1.240921690000000055e+01 1.351361958000000030e+01 7.586460569999999848e+01 1.242044439999999916e+01
5.757292804000000075e+01 5.760097406999999947e+01 7.651638402000000383e+01 5.760097406999999947e+01
5.056486955999999822e+01 5.061274531000000110e+01 7.607309182000000192e+01 5.061274531000000110e+01
1.143829651000000069e+01 1.197590313000000073e+01 7.518018832999999290e+01 1.144775171999999941e+01
1.377943267000000027e+01 1.412625122000000033e+01 7.008930227999999829e+01 1.378643618000000082e+01
7.428336790000000356e+00 7.946376019999999762e+00 6.580556615999999792e+01 7.437032697000000248e+00
5.489976282999999846e+00 6.287440456999999761e+00 6.679469367999999463e+01 5.502300638000000355e+00
6.085665071000000204e+00 6.515683002000000279e+00 6.696163959999999804e+01 6.097145704999999971e+00
5.253715824000000367e+00 5.891835074000000283e+00 6.495028791999999385e+01 5.266087884000000052e+00
8.830258755999999210e+00 8.958017403999999573e+00 6.236757738000000018e+01 8.836149507000000014e+00
7.522091321999999636e+00 8.062801377999999630e+00 7.399988707999999349e+01 7.529939587000000323e+00
4.436856613999999865e+00 5.631796480000000216e+00 7.707907625999999368e+01 4.443927658999999863e+00
4.021722088999999833e+00 5.179089592000000408e+00 7.553852804000000276e+01 4.016193091999999965e+00
9.117140276000000654e+00 9.883953314999999407e+00 7.751594480999999348e+01 9.116420943999999693e+00
8.197347906999999267e+00 8.468299934999999223e+00 6.858104835999999693e+01 8.195574944000000528e+00
5.197013105999999993e+00 6.879606521000000363e+00 6.579105506000000503e+01 5.202686347000000211e+00
9.781090771000000572e+00 1.004156122000000018e+01 6.268424731000000349e+01 9.787539601000000644e+00
1.019255657999999976e+01 1.067726292999999949e+01 6.657527439999999785e+01 1.019654625000000081e+01
1.135425745000000042e+01 1.139251602000000041e+01 6.365614399999999762e+01 1.136202925999999991e+01
6.299919185000000255e+01 6.300000000000000000e+01 6.467930096999999989e+01 6.300000000000000000e+01
1.858952275000000043e+01 1.862354222000000092e+01 6.544409192999999902e+01 1.859554925000000125e+01
8.173521986000000794e+00 8.693180605000000227e+00 6.548777035999999896e+01 8.179355798999999649e+00
9.115265537000000862e+00 9.275950920999999738e+00 6.848796663999999623e+01 9.119557160999999468e+00
7.191880317999999939e+00 8.315420948999999951e+00 7.091925238999999692e+01 7.189518026000000006e+00
4.945475925000000217e+00 7.118369175999999854e+00 7.110523480000000518e+01 4.945326782999999615e+00
5.315664564000000425e+00 6.330922660999999785e+00 6.804450952000000541e+01 5.326699118999999705e+00
5.118732255000000286e+00 6.432867753000000022e+00 6.827469403000000625e+01 5.120325552999999807e+00
6.002792572999999798e+00 8.342194779999999810e+00 7.163259354000000201e+01 6.008030062999999643e+00
7.074540830000000113e+00 8.701801685999999592e+00 7.116183413999999630e+01 7.076896306000000081e+00
8.356044308999999615e+00 8.832179713000000376e+00 7.335771610000000464e+01 8.357989331000000632e+00
1.073678800999999972e+01 1.098274426999999953e+01 7.601974119000000485e+01 1.074138162000000030e+01
9.662665652999999466e+00 1.007321781999999999e+01 7.500657345000000475e+01 9.670430198000000033e+00
5.226630598999999933e+00 6.651031982000000120e+00 6.836669765000000609e+01 5.240388620000000053e+00
7.121647900000000142e+00 7.924967855000000228e+00 6.970761523000000182e+01 7.135455165999999849e+00
4.930609722999999889e+00 6.663769242999999953e+00 6.452140697000000102e+01 4.938553855000000326e+00
4.666484138999999587e+00 6.486914665999999663e+00 6.404188141000000201e+01 4.662013700000000149e+00
5.737795869000000160e+00 6.958134513000000076e+00 6.388974092000000127e+01 5.734549280000000415e+00
7.767647656000000289e+00 8.278774380999999849e+00 6.359357159000000337e+01 7.775021532000000235e+00
7.820184925999999592e+00 8.325905297000000260e+00 7.067577174999999556e+01 7.829231357000000280e+00
8.173194884999999132e+00 8.477364381999999310e+00 6.658544958999999608e+01 8.173707381999999910e+00
5.749034048999999591e+00 6.439350023000000256e+00 6.391027797999999649e+01 5.747212678000000352e+00
7.347793583999999711e+00 7.528025449000000258e+00 6.680895768000000601e+01 7.357241519999999646e+00
5.640348301999999592e+00 6.625496953999999938e+00 6.783416689000000588e+01 5.649276361000000080e+00
5.655927279000000141e+00 6.665475351000000437e+00 6.389386198999999777e+01 5.660624163999999681e+00
4.297661911999999695e+00 5.733155232999999740e+00 6.398132308999999651e+01 4.313491066000000096e+00
7.792567030999999922e+00 8.472683511999999695e+00 6.750303255999999408e+01 7.789259080999999973e+00
2.375401117000000006e+00 5.094037933000000073e+00 7.131995822999999746e+01 2.378819365000000019e+00
6.626344432999999867e+00 6.879743850999999744e+00 6.487291784999999322e+01 6.636660080999999600e+00
6.551106254999999656e+00 8.048799088999999185e+00 6.210962647000000203e+01 6.548603055000000062e+00
5.181899484999999750e+00 6.420661961999999612e+00 6.143434587000000136e+01 5.180459531000000339e+00
5.628043511999999637e+00 6.891614942000000354e+00 6.125814290999999656e+01 5.630435756999999874e+00
3.429850850999999867e+00 5.873951627000000286e+00 6.858751949999999908e+01 3.440477457000000072e+00
5.471021719000000338e+00 6.815561472999999815e+00 6.847425266000000477e+01 5.475707347000000169e+00
2.807382479000000153e+00 5.241790474000000088e+00 6.204301056999999986e+01 2.824258877000000112e+00
7.218197400000000208e+00 7.647655424999999951e+00 5.943872277999999909e+01 7.221520392999999594e+00
4.419144362000000115e+01 4.420047119000000180e+01 5.584992293999999902e+01 4.420047119000000180e+01
8.494625015000000445e+00 8.694378149000000278e+00 5.342424479000000304e+01 8.498650530999999120e+00
6.055297646999999728e+00 6.697254719000000023e+00 5.759736162000000093e+01 6.068737110999999906e+00
7.200015770000000259e+00 8.600342065999999619e+00 6.301724509000000296e+01 7.208119779999999643e+00
1.680694611999999921e+00 4.684231081000000074e+00 5.650165739999999914e+01 1.693267670000000003e+00
8.509147885999999161e+00 9.088953868000000824e+00 5.681552941000000345e+01 8.514991123999999800e+00
3.887136477999999951e+00 5.703255820999999948e+00 5.208161379999999951e+01 3.896436995000000181e+00
7.096532367000000008e+00 7.341316091000000377e+00 6.577796639999999684e+01 7.106960829000000146e+00
5.885321553999999900e+00 6.258005379000000090e+00 6.732972162000000083e+01 5.892722348999999582e+00
1.071311266000000018e+01 1.074727166999999994e+01 6.016671529999999990e+01 1.072127530000000029e+01
8.128463743999999380e+00 8.333015836999999593e+00 6.179995129000000276e+01 8.132555055999999283e+00
1.730697409000000064e+01 1.731725937999999942e+01 5.833707560999999941e+01 1.731582167999999911e+01
1.049020078000000034e+01 1.073190637999999986e+01 5.253277513999999826e+01 1.049411399000000067e+01
1.703518438000000046e+01 1.730433628000000112e+01 7.550572284999999795e+01 1.702667712999999949e+01
1.003789483000000082e+01 1.110619381000000061e+01 7.659240699000000063e+01 1.003356856000000086e+01
5.423517580000000171e-01 3.650598937999999904e+00 6.468195932999999798e+01 5.482056709999999500e-01
6.097639552999999601e+00 6.788856378000000191e+00 6.184948941999999761e+01 6.103138519999999900e+00
7.255247940000000284e+00 7.782408360999999886e+00 6.020183639999999770e+01 7.268270830999999710e+00
4.680102586000000287e+00 5.981022905999999750e+00 5.308555729999999784e+01 4.688503329000000441e+00
9.222139627000000672e+00 9.805966972000000226e+00 5.654341512999999964e+01 9.235370162000000605e+00
7.765464536999999723e+00 8.598678852999999123e+00 5.442112726999999950e+01 7.774371046999999812e+00
7.494859288999999869e+00 8.611634675999999544e+00 5.253688805000000173e+01 7.508763816000000091e+00
1.128065664000000012e+01 1.208013326000000021e+01 5.523007376000000335e+01 1.129077883000000071e+01
1.908792079999999913e+01 1.936426524000000171e+01 5.522574971000000232e+01 1.909872714000000116e+01
4.008983275000000290e+00 5.645306707999999674e+00 4.842153521000000183e+01 4.024478967000000296e+00
9.994414848999999990e+00 1.001688648999999920e+01 5.436710979000000066e+01 9.998383145000000027e+00
1.359346172999999958e+01 1.360244973000000002e+01 5.691038689999999889e+01 1.360244973000000002e+01
5.528587748999999718e+00 7.311560876999999792e+00 5.395898298000000182e+01 5.541371797000000043e+00
1.140812900000000063e+01 1.211719831999999997e+01 5.347116654999999952e+01 1.143017243999999977e+01
1.598526921999999928e+01 1.661105059000000139e+01 5.077708176000000151e+01 1.599281380000000041e+01
2.013990504999999942e+01 2.018082121000000129e+01 7.015704623000000595e+01 2.014538179999999912e+01
6.265238491000000209e+01 6.264996307999999914e+01 6.941929570000000638e+01 6.264996307999999914e+01
2.079849150000000080e+01 2.080616128000000131e+01 6.426940403999999774e+01 2.080616128000000131e+01
1.059847781000000033e+01 1.103886506999999995e+01 5.801635060000000266e+01 1.059980621000000056e+01
8.014063825999999224e+00 8.385431748000000240e+00 5.852875776999999857e+01 8.019949226999999681e+00
9.994797870999999390e+00 1.015834712999999923e+01 5.910042109999999838e+01 9.995080829999999139e+00
1.316290021000000010e+01 1.334576063999999995e+01 5.472769956999999863e+01 1.317437993000000063e+01
1.233365391999999972e+01 1.242243037999999977e+01 5.153270132000000103e+01 1.233111406999999993e+01
8.618978585000000692e+00 9.925819328999999414e+00 5.333496124999999921e+01 8.629724505000000434e+00
5.499347186999999693e+00 7.050900572999999838e+00 4.191188087999999823e+01 5.514122817999999704e+00
7.886102615999999621e+00 8.415174973999999253e+00 5.029011241999999982e+01 7.904332252999999753e+00
9.534277399000000486e+00 9.551461248000000737e+00 5.417229024000000237e+01 9.533241743999999684e+00
1.107038494000000028e+01 1.115364832999999933e+01 5.774023542999999847e+01 1.107461170999999922e+01
8.201948180000000477e+00 8.206885749999999646e+00 6.110964713999999987e+01 8.205572677999999343e+00
9.379922985000000324e+00 9.383410291000000569e+00 6.505141718000000139e+01 9.383410291000000569e+00
1.500305705999999972e+01 1.499921428999999939e+01 6.167398607999999882e+01 1.499845076999999982e+01
9.897829109999999986e+00 1.009859961000000084e+01 6.619377977000000612e+01 9.902475261999999390e+00
8.715420618999999647e+00 8.928035915000000600e+00 6.786127000000000464e+01 8.708615396000000786e+00
1.138869910999999924e+01 1.142644265000000026e+01 6.533021268000000248e+01 1.140105272999999997e+01
8.098401858000000786e+00 8.116647101999999947e+00 6.129127558999999792e+01 8.106839729000000716e+00
7.792115908999999618e+00 7.820167835000000345e+00 5.106730016000000205e+01 7.795449320000000348e+00
1.092100851000000006e+01 1.110373803000000059e+01 4.662167913999999769e+01 1.092719424999999944e+01
6.506931901999999823e+00 7.513528534999999842e+00 4.583083976000000348e+01 6.525005819000000429e+00
8.539106177000000741e+00 8.901868890999999451e+00 4.650869056999999884e+01 8.551046819999999826e+00
5.771897312000000113e+00 6.318198616000000101e+00 4.854563083000000034e+01 5.786601916999999595e+00
8.888412372999999533e+00 9.222759831999999491e+00 4.768617437999999709e+01 8.898991177999999280e+00
1.036502882999999997e+01 1.083458646000000059e+01 4.787696023000000167e+01 1.036951797000000042e+01
1.335045009000000071e+01 1.415365521000000015e+01 4.545830468999999852e+01 1.335494032000000075e+01
6.163168654999999774e+00 6.978857983000000154e+00 5.329930765999999664e+01 6.169897746000000183e+00
7.198355787999999755e+00 8.023937520000000490e+00 5.282273501000000238e+01 7.204120602999999790e+00
1.435191866999999988e+01 1.475843283999999933e+01 5.375419253999999825e+01 1.436537953000000023e+01
1.150644684000000062e+01 1.187092488000000046e+01 5.394295075000000139e+01 1.151222289999999937e+01
2.722596327999999843e+01 2.719430755999999860e+01 7.752761257000000228e+01 2.719430755999999860e+01
3.698730985000000260e+01 3.699887116000000020e+01 6.292060847999999851e+01 3.699887116000000020e+01
2.087855507000000088e+01 2.086815011999999925e+01 6.258153436999999997e+01 2.086815011999999925e+01
2.844046824000000129e+01 2.843696432000000129e+01 6.580495349000000260e+01 2.843696432000000129e+01
3.510128430000000188e-01 3.953951537000000016e+00 5.609907195000000257e+01 3.528596230000000111e-01
3.931193179999999954e-01 3.631034332000000031e+00 6.670580793000000597e+01 3.925243919999999997e-01
1.758555094999999957e+00 4.694795657000000233e+00 6.467962138999999411e+01 1.762588185999999890e+00
